id_time,n_flows,n_packets,n_bytes,sum_n_dest_asn,average_n_dest_asn,std_n_dest_asn,sum_n_dest_ports,average_n_dest_ports,std_n_dest_ports,sum_n_dest_ip,average_n_dest_ip,std_n_dest_ip,tcp_udp_ratio_packets,tcp_udp_ratio_bytes,dir_ratio_packets,dir_ratio_bytes,avg_duration,avg_ttl
0,58,777,734109,53,3.31,1.85,57,3.56,1.9,54,3.38,1.82,0.97,0.95,0.52,0.75,10.11,142.09
1,69,566,403623,53,3.53,1.96,63,4.2,2.57,56,3.73,2.19,0.98,1.0,0.68,0.93,5.87,150.47
2,49,228,84792,35,3.5,1.78,49,4.9,2.73,43,4.3,2.67,0.98,0.99,0.4,0.54,6.27,145.64
3,25,211,225714,25,4.17,1.72,25,4.17,1.72,25,4.17,1.72,0.98,1.0,0.61,0.79,5.4,126.31
4,56,311,148818,49,3.77,1.64,54,4.15,1.86,53,4.08,1.8,0.98,1.0,0.42,0.71,11.06,169.61
5,71,304,155881,63,4.2,1.01,70,4.67,1.18,69,4.6,1.18,0.97,0.97,0.45,0.72,3.49,181.68
6,97,555,253308,71,4.18,1.47,95,5.59,3.37,74,4.35,1.66,0.99,1.0,0.47,0.75,5.5,127.94
7,32,175,112215,32,3.2,1.69,32,3.2,1.69,32,3.2,1.69,1.0,1.0,0.53,0.69,5.1,160.72
8,55,203,81837,30,3.33,1.22,33,3.67,1.0,34,3.78,1.48,0.93,0.92,0.38,0.56,15.85,181.47
9,32,109,46719,22,4.4,1.14,26,5.2,0.84,25,5.0,1.0,0.99,0.99,0.4,0.68,2.6,204.0
10,62,421,292512,35,2.92,0.9,43,3.58,1.16,41,3.42,1.16,0.99,0.99,0.45,0.63,4.93,203.4
11,59,627,607615,37,4.11,1.69,41,4.56,2.07,40,4.44,1.94,1.0,1.0,0.5,0.7,10.15,202.23
12,64,149,48136,39,3.55,0.93,44,4.0,1.55,44,4.0,1.55,0.97,0.97,0.3,0.57,0.64,203.88
13,29,177,72887,27,2.7,1.16,29,2.9,1.37,28,2.8,1.32,0.99,1.0,0.43,0.68,0.89,144.14
14,53,225,95706,45,3.46,1.2,51,3.92,1.5,49,3.77,1.42,0.95,0.96,0.37,0.58,7.75,162.66
15,47,194,65473,35,4.38,1.06,40,5.0,1.07,38,4.75,1.28,0.97,0.98,0.3,0.52,0.56,179.86
16,45,359,255870,40,4.44,2.07,42,4.67,2.24,42,4.67,2.24,1.0,1.0,0.48,0.74,9.68,182.88
17,28,140,72238,24,3.0,1.31,28,3.5,1.41,25,3.12,1.36,0.98,1.0,0.54,0.8,11.77,158.53
18,20,225,165336,20,2.5,1.07,20,2.5,1.07,20,2.5,1.07,0.99,1.0,0.46,0.63,7.37,123.6
19,40,290,157674,36,3.6,1.58,40,4.0,1.56,37,3.7,1.77,0.99,0.98,0.47,0.76,7.54,169.87
20,27,133,64319,23,3.83,1.33,24,4.0,1.67,24,4.0,1.1,1.0,1.0,0.47,0.86,14.61,173.78
21,37,212,130661,34,4.25,2.19,36,4.5,2.27,35,4.38,2.26,0.99,1.0,0.51,0.77,2.42,161.07
22,56,401,336259,43,3.31,1.55,48,3.69,1.75,45,3.46,1.45,0.99,1.0,0.57,0.81,10.14,181.15
23,81,500,265447,31,3.1,1.1,80,8.0,13.04,34,3.4,1.26,0.98,1.0,0.62,0.88,13.48,162.88
24,27,219,134739,20,2.5,1.77,24,3.0,2.39,23,2.88,2.47,1.0,1.0,0.58,0.84,26.85,147.19
25,56,242,160891,48,3.2,1.42,55,3.67,1.63,51,3.4,1.5,0.96,0.97,0.57,0.73,3.34,158.76
26,58,327,288140,53,3.12,1.17,56,3.29,1.45,55,3.24,1.39,0.99,1.0,0.79,0.97,4.48,146.38
27,134,549,317465,109,4.95,8.2,88,4.0,1.8,121,5.5,9.64,0.97,0.99,0.61,0.83,7.69,148.33
28,137,1325,1058015,119,3.31,1.45,133,3.69,1.65,130,3.61,1.54,0.99,1.0,0.57,0.84,9.47,161.27
29,109,603,424696,92,3.68,1.68,106,4.24,1.81,100,4.0,1.83,0.99,1.0,0.56,0.89,7.02,156.28
30,116,839,614644,103,3.22,1.56,113,3.53,1.74,108,3.38,1.68,0.99,1.0,0.53,0.84,5.45,147.88
31,131,823,590810,115,3.71,1.9,127,4.1,2.09,124,4.0,2.14,0.99,0.99,0.57,0.86,4.02,170.28
32,104,495,296819,89,4.05,1.5,95,4.32,1.49,94,4.27,1.49,0.99,0.99,0.5,0.76,4.11,168.47
33,90,599,448763,77,3.35,1.67,83,3.61,1.73,81,3.52,1.78,0.99,1.0,0.53,0.78,7.98,152.22
34,85,324,213035,74,3.7,1.3,81,4.05,1.79,77,3.85,1.35,0.97,0.99,0.46,0.69,2.82,163.44
35,54,441,388389,34,2.83,1.34,40,3.33,1.72,36,3.0,1.48,0.99,1.0,0.61,0.82,11.55,133.27
36,59,280,145750,52,3.47,0.92,58,3.87,1.25,55,3.67,1.11,0.98,0.97,0.47,0.74,2.86,176.29
37,64,272,161326,54,3.86,1.35,61,4.36,1.78,59,4.21,1.63,0.96,0.99,0.47,0.77,8.07,162.82
38,73,681,526350,62,3.88,1.71,71,4.44,2.53,66,4.12,2.0,0.99,1.0,0.48,0.65,11.04,164.96
39,24,106,66558,21,3.5,1.87,24,4.0,1.79,22,3.67,1.75,0.95,0.98,0.54,0.84,6.0,119.76
40,70,274,130034,38,3.45,1.37,63,5.73,5.75,39,3.55,1.37,1.0,1.0,0.41,0.67,14.94,129.28
41,37,328,248531,32,3.2,1.48,37,3.7,1.95,33,3.3,1.57,1.0,1.0,0.55,0.82,6.14,134.53
42,37,226,80308,28,3.5,1.07,33,4.12,1.25,29,3.62,0.92,1.0,1.0,0.39,0.6,9.52,153.8
43,44,256,119461,31,2.82,1.6,39,3.55,2.62,33,3.0,1.79,1.0,1.0,0.58,0.79,4.39,132.83
44,45,463,288626,39,3.25,1.48,42,3.5,1.73,41,3.42,1.56,1.0,1.0,0.45,0.73,2.82,161.45
45,42,348,175115,35,2.92,1.38,41,3.42,1.24,36,3.0,1.35,0.93,0.93,0.42,0.7,0.15,139.75
46,25,83,28203,21,3.5,1.64,25,4.17,1.17,22,3.67,1.63,0.96,1.0,0.37,0.59,0.94,133.28
47,31,429,218553,28,3.11,1.76,30,3.33,1.87,28,3.11,1.76,0.96,0.99,0.49,0.69,9.89,136.31
48,29,75,45591,16,4.0,1.41,18,4.5,1.91,18,4.5,1.91,1.0,1.0,0.42,0.61,0.57,215.86
49,55,153,57052,34,4.25,1.67,40,5.0,2.14,36,4.5,1.77,0.98,0.98,0.36,0.6,1.84,170.69
50,47,140,64491,31,2.82,1.17,33,3.0,1.18,31,2.82,1.17,0.98,0.99,0.37,0.6,0.71,180.78
51,48,357,255159,36,3.6,1.07,47,4.7,1.77,43,4.3,1.89,0.99,0.98,0.41,0.62,10.38,161.64
52,95,1231,1146784,64,3.56,1.46,82,4.56,2.09,66,3.67,1.46,0.99,1.0,0.49,0.72,7.62,152.11
53,35,175,98879,27,3.38,2.07,34,4.25,1.83,27,3.38,2.07,1.0,1.0,0.43,0.56,0.47,171.46
54,49,107,28790,43,3.91,1.51,48,4.36,1.36,47,4.27,1.35,0.96,0.96,0.4,0.54,4.39,190.01
55,46,173,85705,23,3.83,1.17,26,4.33,1.51,24,4.0,1.26,0.94,0.92,0.41,0.77,7.87,191.93
56,51,183,71432,34,4.25,0.89,38,4.75,0.71,36,4.5,0.93,0.97,0.99,0.39,0.76,3.49,171.81
57,37,245,115216,23,3.29,1.6,28,4.0,1.91,25,3.57,1.72,1.0,1.0,0.39,0.54,2.55,159.8
58,41,243,200416,30,4.29,1.6,32,4.57,1.51,30,4.29,1.6,1.0,1.0,0.43,0.75,10.48,190.03
59,68,462,270590,46,2.71,0.85,54,3.18,1.07,49,2.88,0.99,1.0,1.0,0.39,0.6,7.26,177.2
60,35,177,88168,27,3.38,1.41,30,3.75,1.83,28,3.5,1.6,1.0,1.0,0.54,0.8,7.79,160.0
61,82,392,183261,47,3.92,1.38,57,4.75,1.71,48,4.0,1.48,0.99,1.0,0.4,0.67,2.14,180.11
62,49,218,89886,37,3.36,1.8,48,4.36,2.84,39,3.55,1.86,0.97,0.98,0.48,0.67,1.18,144.22
63,58,431,239623,37,3.7,1.49,53,5.3,3.43,37,3.7,1.49,0.98,0.98,0.48,0.7,5.81,167.96
64,81,333,137749,57,3.8,1.37,70,4.67,1.76,62,4.13,1.51,0.97,0.98,0.36,0.63,5.76,149.24
65,76,820,662079,54,3.6,1.06,72,4.8,1.7,60,4.0,1.31,0.96,0.98,0.42,0.67,7.28,141.16
66,53,300,111986,44,3.14,1.23,53,3.79,1.76,44,3.14,1.23,0.99,1.0,0.46,0.73,0.77,138.22
67,50,191,80095,37,3.36,1.29,49,4.45,1.92,41,3.73,1.35,1.0,1.0,0.42,0.59,3.26,156.38
68,30,116,73300,28,3.5,1.51,30,3.75,1.67,30,3.75,1.67,1.0,1.0,0.49,0.73,3.66,180.42
69,67,373,158524,52,5.78,2.22,64,7.11,3.37,54,6.0,2.29,0.98,0.99,0.44,0.75,0.81,185.41
70,30,111,61834,22,4.4,2.3,27,5.4,3.44,22,4.4,2.3,0.98,0.95,0.53,0.74,1.98,170.2
71,31,117,47904,25,3.57,1.51,29,4.14,1.35,26,3.71,1.6,1.0,1.0,0.41,0.69,4.96,162.27
72,46,258,110899,40,3.64,2.06,43,3.91,2.77,42,3.82,2.52,0.99,1.0,0.43,0.69,3.36,150.34
73,59,313,167073,51,3.92,1.71,53,4.08,1.8,51,3.92,1.71,0.99,0.99,0.36,0.56,8.97,146.65
74,61,576,425081,44,3.67,1.3,59,4.92,3.42,47,3.92,1.31,1.0,1.0,0.48,0.82,6.0,160.96
75,71,502,317620,48,4.36,1.21,68,6.18,3.63,51,4.64,1.57,0.96,0.97,0.37,0.54,1.32,178.97
76,33,66,10631,28,4.0,1.15,31,4.43,1.13,29,4.14,1.35,0.99,0.98,0.25,0.47,0.24,179.55
77,44,121,47787,40,3.64,1.03,43,3.91,1.04,42,3.82,1.08,1.0,1.0,0.47,0.64,2.33,169.67
78,29,87,43777,22,4.4,1.14,25,5.0,1.0,24,4.8,1.3,0.97,0.85,0.36,0.45,6.99,191.03
79,12,48,26011,12,4.0,1.73,12,4.0,1.73,12,4.0,1.73,0.97,1.0,0.65,0.93,1.17,163.4
80,36,175,87107,33,3.67,1.58,35,3.89,1.45,35,3.89,1.45,0.99,1.0,0.51,0.75,1.45,176.96
81,16,122,111730,15,3.75,1.26,16,4.0,1.63,16,4.0,1.63,1.0,1.0,0.44,0.5,11.2,172.52
82,31,200,55195,24,3.0,1.2,31,3.88,2.17,25,3.12,1.36,0.99,1.0,0.37,0.66,2.14,146.56
83,19,66,24540,17,2.83,0.75,18,3.0,1.1,18,3.0,1.1,1.0,1.0,0.44,0.64,2.22,154.48
84,33,139,76724,28,4.67,1.21,32,5.33,2.16,32,5.33,2.16,0.97,0.99,0.32,0.42,9.45,151.37
85,58,339,161721,39,3.55,1.29,45,4.09,1.3,41,3.73,1.19,0.98,0.99,0.41,0.63,6.94,176.81
86,16,267,275143,15,3.75,1.26,15,3.75,1.26,15,3.75,1.26,1.0,1.0,0.54,0.74,16.52,162.1
87,33,213,112623,25,3.12,1.13,28,3.5,1.41,26,3.25,1.28,1.0,1.0,0.37,0.55,7.34,166.41
88,41,267,213328,33,3.3,0.82,34,3.4,0.84,34,3.4,0.84,0.98,1.0,0.48,0.8,15.43,172.21
89,27,273,245397,14,4.67,1.53,17,5.67,2.52,15,5.0,1.73,1.0,1.0,0.42,0.65,8.32,162.62
90,26,84,65316,22,3.14,1.07,25,3.57,0.53,23,3.29,0.76,1.0,1.0,0.45,0.52,2.07,156.24
91,36,284,136287,30,2.5,1.24,35,2.92,1.56,31,2.58,1.38,1.0,1.0,0.39,0.6,19.56,144.34
92,40,191,79984,28,3.11,0.6,35,3.89,1.05,31,3.44,1.13,1.0,1.0,0.39,0.69,3.66,148.97
93,35,124,38006,27,3.86,1.46,31,4.43,1.72,27,3.86,1.46,1.0,1.0,0.33,0.68,11.09,161.59
94,43,183,115005,35,4.38,1.77,42,5.25,2.12,36,4.5,2.07,0.99,0.99,0.45,0.65,4.98,163.76
95,61,272,85657,46,4.18,1.66,50,4.55,2.11,48,4.36,1.86,0.99,1.0,0.33,0.59,9.37,186.01
96,32,291,135965,25,3.57,2.15,29,4.14,2.73,26,3.71,2.21,0.99,1.0,0.39,0.76,8.32,154.62
97,54,686,612419,46,3.83,1.7,50,4.17,1.59,48,4.0,1.65,0.99,1.0,0.5,0.69,20.07,186.0
98,38,179,79827,34,3.78,1.3,36,4.0,1.5,34,3.78,1.3,0.99,0.99,0.42,0.7,21.43,173.17
99,36,407,249587,22,2.75,1.28,35,4.38,4.81,22,2.75,1.28,0.98,0.99,0.41,0.6,27.54,148.09
100,39,433,344312,37,3.36,1.36,39,3.55,1.29,39,3.55,1.29,0.98,0.98,0.51,0.67,6.14,148.48
101,36,171,92787,33,2.75,1.22,36,3.0,1.54,34,2.83,1.4,1.0,1.0,0.49,0.64,18.98,160.54
102,18,48,11185,12,3.0,1.41,16,4.0,1.83,14,3.5,1.29,0.97,0.99,0.37,0.51,11.08,199.22
103,30,125,60817,21,3.0,0.82,26,3.71,0.95,24,3.43,0.53,1.0,1.0,0.49,0.76,11.89,202.22
104,37,316,288399,19,3.8,1.1,25,5.0,1.87,25,5.0,2.0,1.0,1.0,0.53,0.91,9.58,206.99
105,37,776,654967,32,3.2,1.55,35,3.5,1.51,33,3.3,1.49,0.99,1.0,0.42,0.6,23.42,166.65
106,39,507,464275,30,2.5,1.17,38,3.17,1.8,32,2.67,1.5,0.99,1.0,0.56,0.72,18.96,127.59
107,45,379,217912,31,2.58,1.38,42,3.5,2.11,38,3.17,1.99,1.0,1.0,0.46,0.7,12.85,152.27
108,27,123,63908,25,3.12,2.23,27,3.38,2.77,25,3.12,2.23,0.98,0.98,0.62,0.78,22.12,142.36
109,36,110,24598,26,3.71,1.38,28,4.0,1.63,26,3.71,1.38,0.99,1.0,0.3,0.59,6.23,199.23
110,36,133,72129,23,3.29,1.89,33,4.71,2.29,25,3.57,2.23,0.99,1.0,0.5,0.61,1.81,164.76
111,51,525,432852,39,2.79,1.31,45,3.21,1.67,40,2.86,1.41,0.98,1.0,0.59,0.79,25.59,153.58
112,61,1058,843575,46,2.88,1.71,58,3.62,2.06,47,2.94,1.73,0.99,1.0,0.48,0.66,20.15,130.34
113,41,217,94924,33,3.0,1.1,40,3.64,1.12,37,3.36,1.21,1.0,1.0,0.44,0.64,18.0,149.99
114,42,563,517030,32,2.67,1.72,39,3.25,1.76,33,2.75,1.86,0.99,1.0,0.73,0.9,24.49,130.05
115,38,576,454480,30,2.31,1.38,35,2.69,1.49,30,2.31,1.38,1.0,1.0,0.67,0.89,23.86,122.54
116,25,433,387038,22,3.14,0.69,25,3.57,0.98,23,3.29,0.76,1.0,1.0,0.61,0.79,23.76,139.03
117,34,1044,907687,27,2.25,1.06,33,2.75,1.29,29,2.42,1.16,1.0,1.0,0.52,0.67,25.72,129.88
118,42,883,848795,19,2.11,1.05,40,4.44,3.32,20,2.22,1.2,1.0,1.0,0.6,0.85,33.56,135.73
119,30,226,151911,26,3.71,1.6,29,4.14,1.95,28,4.0,2.0,1.0,1.0,0.5,0.69,13.96,145.1
120,108,3121,2798275,80,2.58,1.03,107,3.45,1.91,82,2.65,1.11,1.0,1.0,0.63,0.8,39.26,123.69
121,45,959,736830,36,1.89,0.94,45,2.37,1.26,37,1.95,0.97,1.0,1.0,0.68,0.84,33.13,117.78
122,115,842,456490,45,2.81,1.33,114,7.12,10.94,46,2.88,1.36,0.97,0.97,0.46,0.66,19.9,136.93
123,45,769,573057,37,3.08,1.24,45,3.75,1.6,40,3.33,1.23,1.0,1.0,0.54,0.7,14.96,120.78
124,32,320,162540,26,2.17,1.11,31,2.58,1.62,26,2.17,1.11,1.0,1.0,0.54,0.75,30.4,103.33
125,40,214,70646,26,2.89,1.36,33,3.67,2.24,29,3.22,1.56,1.0,1.0,0.36,0.55,12.25,141.12
126,80,634,444137,59,3.28,1.67,64,3.56,1.82,62,3.44,1.82,1.0,1.0,0.49,0.78,4.27,168.17
127,60,567,345251,38,3.17,0.94,45,3.75,1.22,41,3.42,1.16,1.0,1.0,0.38,0.49,7.16,184.59
128,65,1012,803353,50,2.78,1.06,54,3.0,1.03,50,2.78,1.06,1.0,1.0,0.5,0.72,17.65,153.05
129,55,502,356850,40,3.08,1.61,51,3.92,2.33,41,3.15,1.77,1.0,1.0,0.52,0.82,3.16,128.8
130,42,565,356692,35,2.33,0.82,40,2.67,0.9,39,2.6,0.91,0.98,1.0,0.53,0.62,11.21,143.67
131,20,367,271171,14,2.0,1.0,18,2.57,1.13,14,2.0,1.0,1.0,1.0,0.43,0.68,8.77,139.93
132,38,400,268177,33,2.75,1.14,38,3.17,1.34,34,2.83,1.03,0.99,1.0,0.56,0.75,9.41,134.42
133,49,478,272179,38,2.38,1.02,49,3.06,1.81,41,2.56,1.09,1.0,1.0,0.5,0.7,2.58,149.02
134,19,642,588983,18,2.25,1.04,19,2.38,1.19,19,2.38,1.19,1.0,1.0,0.53,0.69,16.71,168.92
135,44,265,122961,32,2.91,0.83,40,3.64,1.29,33,3.0,0.89,0.96,0.97,0.43,0.62,1.3,123.69
136,48,700,530245,38,2.38,1.36,48,3.0,2.1,41,2.56,1.36,0.98,0.98,0.59,0.79,27.64,128.65
137,33,195,80703,29,2.23,1.36,33,2.54,1.81,30,2.31,1.49,0.99,1.0,0.43,0.67,14.68,117.18
138,21,300,233290,18,2.25,0.89,21,2.62,1.06,18,2.25,0.89,0.96,0.93,0.59,0.77,2.68,145.72
139,43,275,163459,29,3.62,2.07,43,5.38,2.97,31,3.88,2.1,0.99,0.99,0.41,0.53,16.55,151.69
140,29,370,266038,21,2.62,1.06,27,3.38,2.07,23,2.88,1.25,0.98,0.99,0.48,0.66,8.03,138.79
141,13,30,16036,9,3.0,1.0,12,4.0,1.73,11,3.67,1.53,1.0,1.0,0.39,0.66,0.11,146.31
142,27,242,130665,18,2.25,0.71,26,3.25,1.16,20,2.5,0.53,1.0,1.0,0.41,0.62,5.92,143.34
143,24,110,37460,17,2.43,0.79,23,3.29,0.95,19,2.71,0.95,1.0,1.0,0.46,0.65,11.82,133.72
144,20,216,121003,16,2.67,1.03,20,3.33,1.03,16,2.67,1.03,0.98,0.99,0.54,0.8,1.21,98.34
145,7,17,1790,6,3.0,0.0,6,3.0,0.0,6,3.0,0.0,1.0,1.0,0.17,0.11,5.1,191.46
146,44,211,90225,16,2.29,1.38,38,5.43,7.5,18,2.57,1.81,0.99,0.97,0.6,0.78,2.71,131.97
147,24,97,27362,20,2.86,0.69,24,3.43,1.13,22,3.14,0.9,0.99,1.0,0.37,0.5,1.5,154.37
148,7,39,8478,6,1.5,0.58,7,1.75,0.5,7,1.75,0.5,1.0,1.0,0.46,0.55,1.81,149.88
149,30,203,94216,24,2.4,1.26,30,3.0,2.36,27,2.7,2.06,0.99,1.0,0.51,0.73,12.61,138.59
150,29,144,54555,28,2.55,1.75,29,2.64,1.8,29,2.64,1.8,1.0,1.0,0.52,0.73,9.39,148.62
151,15,72,57321,12,2.0,1.1,15,2.5,1.38,12,2.0,1.1,0.97,0.97,0.63,0.64,4.1,141.6
152,36,248,164145,27,2.45,1.21,34,3.09,1.38,28,2.55,1.04,1.0,1.0,0.52,0.75,15.47,141.7
153,12,83,44205,11,2.75,0.5,12,3.0,0.82,11,2.75,0.5,0.98,0.99,0.48,0.8,4.08,137.71
154,25,153,108531,21,3.0,1.0,25,3.57,2.15,21,3.0,1.0,0.96,0.97,0.61,0.74,3.02,167.96
155,29,146,50241,24,2.18,0.87,27,2.45,1.13,27,2.45,1.21,1.0,1.0,0.48,0.68,10.9,176.19
156,44,518,399429,32,3.2,1.32,41,4.1,1.52,36,3.6,1.35,0.94,0.95,0.49,0.76,17.43,146.97
157,32,304,255596,24,3.0,1.6,31,3.88,2.03,25,3.12,1.81,0.99,1.0,0.52,0.67,5.5,139.77
158,24,98,25798,17,3.4,1.34,24,4.8,1.48,22,4.4,1.67,1.0,1.0,0.37,0.75,0.22,165.68
159,47,97,47668,20,4.0,1.22,24,4.8,1.92,23,4.6,1.52,1.0,1.0,0.44,0.71,1.15,179.99
160,50,249,109118,43,3.91,1.87,47,4.27,1.85,44,4.0,1.84,0.96,0.97,0.42,0.65,4.54,146.48
161,20,151,68613,14,2.8,0.84,20,4.0,1.41,15,3.0,0.71,1.0,1.0,0.44,0.62,1.06,165.6
162,49,89,24854,24,4.0,1.26,32,5.33,1.37,31,5.17,1.72,1.0,1.0,0.36,0.6,0.05,165.51
163,56,135,38623,25,4.17,2.04,26,4.33,2.16,25,4.17,2.04,0.98,1.0,0.33,0.56,3.26,184.66
164,24,74,20256,8,4.0,1.41,12,6.0,2.83,8,4.0,1.41,1.0,1.0,0.26,0.44,0.76,194.93
165,155,366,180298,53,4.08,1.19,68,5.23,2.2,57,4.38,1.85,0.98,0.97,0.2,0.49,1.11,212.3
166,52,113,35165,19,3.8,0.84,29,5.8,1.64,24,4.8,1.64,1.0,1.0,0.32,0.72,0.6,222.99
167,12,63,64141,8,2.67,1.15,11,3.67,0.58,10,3.33,1.15,1.0,1.0,0.69,0.94,0.16,218.25
168,45,122,39098,29,3.22,1.64,41,4.56,2.24,36,4.0,1.87,0.99,1.0,0.38,0.57,1.43,174.97
169,37,130,18834,24,3.43,1.51,37,5.29,2.87,29,4.14,2.04,0.98,0.99,0.32,0.4,9.76,147.64
170,57,213,59756,47,3.62,2.06,56,4.31,2.32,51,3.92,2.29,0.98,0.99,0.4,0.57,7.01,144.95
171,29,80,14698,26,3.71,0.76,29,4.14,1.35,28,4.0,1.15,1.0,1.0,0.36,0.66,0.61,181.73
172,25,123,71944,21,2.62,0.92,25,3.12,1.55,22,2.75,1.04,0.98,1.0,0.52,0.79,6.7,145.01
173,36,89,34325,18,2.57,0.53,30,4.29,1.25,23,3.29,0.76,0.99,0.99,0.39,0.76,0.39,213.31
174,25,92,56771,19,3.8,1.79,24,4.8,2.39,23,4.6,2.07,1.0,1.0,0.49,0.6,13.16,161.67
175,60,251,35857,36,3.6,1.26,60,6.0,4.64,37,3.7,1.25,1.0,0.99,0.31,0.51,4.18,127.8
176,24,55,13723,14,2.33,1.51,21,3.5,1.52,18,3.0,2.1,1.0,1.0,0.3,0.52,2.78,131.55
177,61,257,120686,49,3.77,1.17,58,4.46,1.2,53,4.08,1.26,0.98,0.99,0.42,0.6,0.51,160.22
178,28,120,81180,22,4.4,0.55,27,5.4,1.67,24,4.8,1.1,1.0,1.0,0.54,0.85,0.29,177.64
179,16,62,31548,16,3.2,1.1,16,3.2,1.1,16,3.2,1.1,1.0,1.0,0.45,0.53,3.37,126.96
180,14,42,9444,10,3.33,1.53,13,4.33,2.52,11,3.67,1.53,0.99,1.0,0.29,0.41,0.57,139.41
181,7,24,10432,5,2.5,0.71,6,3.0,0.0,6,3.0,0.0,1.0,1.0,0.38,0.55,1.11,123.58
182,24,107,40309,21,2.62,1.19,23,2.88,1.36,23,2.88,1.36,0.98,0.99,0.4,0.69,9.89,131.38
183,19,112,29630,11,2.2,1.64,19,3.8,4.15,12,2.4,1.67,1.0,0.99,0.4,0.73,8.63,104.73
184,24,122,26272,16,2.67,1.86,19,3.17,1.83,18,3.0,1.79,1.0,1.0,0.34,0.59,8.52,142.86
185,27,132,51350,19,3.17,1.33,25,4.17,1.33,22,3.67,1.37,1.0,1.0,0.49,0.68,1.62,179.9
186,32,143,40542,23,2.88,1.13,27,3.38,1.51,24,3.0,1.07,1.0,1.0,0.45,0.68,0.82,172.04
187,70,191,75604,56,3.73,1.16,66,4.4,1.3,64,4.27,1.28,0.95,0.97,0.41,0.65,3.16,155.26
188,31,131,64207,25,2.5,0.97,29,2.9,1.52,27,2.7,1.42,1.0,1.0,0.52,0.65,18.9,130.13
189,38,240,135627,24,2.0,1.21,37,3.08,1.73,28,2.33,1.15,1.0,1.0,0.61,0.81,3.03,116.2
190,31,151,55123,23,3.29,1.5,30,4.29,2.93,24,3.43,1.62,0.97,0.98,0.46,0.55,17.15,138.04
191,11,80,62369,9,1.8,0.45,11,2.2,1.1,11,2.2,1.1,0.99,1.0,0.69,0.84,5.08,146.6
192,54,541,371104,46,2.88,1.2,52,3.25,1.57,50,3.12,1.45,0.99,0.99,0.47,0.69,2.84,153.14
193,56,234,121866,45,2.81,1.52,54,3.38,1.67,51,3.19,1.6,0.99,1.0,0.49,0.75,5.07,135.19
194,48,245,129279,37,3.36,1.21,45,4.09,1.87,43,3.91,1.64,0.98,0.99,0.41,0.7,6.2,162.26
195,65,187,47913,42,3.82,1.6,59,5.36,2.38,53,4.82,2.44,1.0,1.0,0.35,0.5,2.29,181.86
196,17,86,28483,14,3.5,1.0,17,4.25,0.96,16,4.0,0.82,0.94,0.97,0.51,0.77,0.31,160.24
197,121,387,202228,89,6.36,5.31,121,8.64,8.39,116,8.29,8.03,0.98,0.98,0.33,0.47,4.75,143.63
198,27,156,58400,18,1.8,1.14,25,2.5,1.65,22,2.2,1.4,0.99,1.0,0.58,0.84,2.41,133.7
199,22,190,124138,19,2.38,1.06,22,2.75,1.49,21,2.62,1.41,0.97,0.97,0.54,0.74,7.58,135.48
200,38,133,75003,30,3.33,1.5,35,3.89,1.83,34,3.78,1.79,1.0,1.0,0.46,0.73,2.13,171.69
201,54,296,256341,38,3.17,1.85,50,4.17,2.44,48,4.0,2.13,0.93,0.96,0.5,0.72,4.46,149.86
202,61,213,85243,49,3.27,1.49,57,3.8,1.57,53,3.53,1.51,0.92,0.96,0.43,0.71,4.14,142.96
203,75,349,167347,65,2.95,1.5,74,3.36,1.65,71,3.23,1.6,0.96,0.98,0.47,0.76,2.1,141.22
204,35,185,85222,28,2.55,1.13,32,2.91,1.22,30,2.73,1.19,0.99,1.0,0.47,0.74,7.78,147.24
205,24,205,162914,21,2.1,1.66,22,2.2,1.75,22,2.2,1.75,0.99,1.0,0.75,0.89,31.49,142.2
206,27,226,114668,16,2.67,1.03,25,4.17,3.31,18,3.0,1.41,0.95,1.0,0.52,0.8,4.5,140.17
207,38,377,253073,31,3.1,1.37,36,3.6,1.58,34,3.4,1.43,1.0,1.0,0.57,0.74,17.37,160.16
208,25,134,60643,18,2.57,0.98,23,3.29,1.98,20,2.86,1.21,0.98,0.99,0.35,0.72,3.58,184.76
209,16,184,125962,15,2.14,1.68,16,2.29,1.6,16,2.29,1.6,0.99,1.0,0.56,0.77,18.15,125.22
210,63,506,366409,48,2.4,1.27,62,3.1,1.65,57,2.85,1.39,0.99,0.99,0.51,0.77,6.91,148.9
211,72,557,314208,52,2.74,1.41,67,3.53,1.95,59,3.11,1.52,0.96,0.99,0.48,0.75,4.11,134.09
212,45,340,247244,37,2.47,1.25,44,2.93,1.53,41,2.73,1.53,0.98,0.99,0.63,0.84,4.65,132.2
213,45,116,47536,35,3.5,1.08,41,4.1,1.52,40,4.0,1.49,0.88,0.94,0.43,0.68,1.83,138.67
214,59,605,351185,47,2.76,1.52,59,3.47,2.15,48,2.82,1.51,0.99,1.0,0.43,0.58,2.11,122.13
215,39,249,101647,26,2.6,1.07,37,3.7,1.7,30,3.0,1.05,0.99,0.99,0.45,0.66,12.26,131.33
216,39,147,58343,30,3.33,1.66,36,4.0,2.12,33,3.67,1.8,1.0,1.0,0.46,0.84,5.39,124.3
217,17,136,79714,15,2.14,1.21,17,2.43,0.98,17,2.43,0.98,1.0,1.0,0.51,0.61,7.14,142.4
218,61,205,73634,45,3.0,1.07,59,3.93,2.05,50,3.33,1.29,0.97,0.97,0.4,0.59,2.39,141.66
219,65,255,94597,50,2.94,1.34,61,3.59,2.12,51,3.0,1.27,0.99,0.98,0.39,0.65,0.91,128.81
220,43,185,94716,40,2.67,1.5,42,2.8,1.61,42,2.8,1.61,0.97,0.97,0.42,0.65,4.59,136.76
221,41,202,83455,26,2.89,1.05,39,4.33,2.55,30,3.33,1.22,0.99,1.0,0.43,0.7,1.32,117.99
222,88,205,70880,71,3.74,1.52,79,4.16,1.68,79,4.16,1.68,0.92,0.97,0.3,0.68,0.46,125.29
223,101,422,240327,69,2.88,1.33,96,4.0,2.43,80,3.33,1.43,0.96,0.97,0.42,0.6,4.3,139.26
224,34,314,237001,27,2.25,0.75,34,2.83,1.19,29,2.42,0.9,1.0,1.0,0.56,0.82,16.19,151.15
225,27,154,73277,22,2.0,1.18,25,2.27,1.27,24,2.18,1.33,0.99,1.0,0.54,0.84,0.78,124.89
226,6,17,1894,6,3.0,0.0,6,3.0,0.0,6,3.0,0.0,1.0,1.0,0.44,0.57,10.85,99.33
227,4,32,16639,4,2.0,1.41,4,2.0,1.41,4,2.0,1.41,1.0,1.0,0.7,0.92,0.31,155.0
228,8,27,2255,6,2.0,1.0,7,2.33,1.53,6,2.0,1.0,1.0,1.0,0.34,0.33,0.09,140.22
229,14,28,1738,10,3.33,0.58,11,3.67,0.58,10,3.33,0.58,1.0,1.0,0.32,0.31,0.45,200.85
230,18,45,5823,12,2.4,0.89,13,2.6,0.89,13,2.6,0.89,1.0,1.0,0.27,0.44,0.06,200.71
232,11,33,7045,10,3.33,1.53,11,3.67,1.15,11,3.67,1.15,0.91,0.77,0.37,0.43,0.24,115.95
233,5,30,9881,5,2.5,0.71,5,2.5,0.71,5,2.5,0.71,1.0,1.0,0.34,0.5,1.64,114.42
234,13,92,33583,12,3.0,1.63,13,3.25,1.71,12,3.0,1.63,0.97,0.99,0.45,0.86,2.2,140.7
235,13,52,14130,9,2.25,1.26,13,3.25,1.71,12,3.0,1.41,0.99,1.0,0.49,0.75,2.03,112.46
236,12,41,18326,10,2.5,1.0,12,3.0,1.63,11,2.75,1.26,1.0,1.0,0.55,0.8,0.32,157.62
237,9,68,28758,9,2.25,0.96,9,2.25,0.96,9,2.25,0.96,0.99,1.0,0.49,0.77,0.41,133.83
238,13,46,10316,9,1.8,1.64,13,2.6,1.52,11,2.2,1.3,0.98,0.97,0.47,0.6,2.59,111.2
239,5,34,24288,4,2.0,1.41,5,2.5,0.71,5,2.5,0.71,0.96,0.98,0.66,0.63,10.32,131.42
240,2,42,30512,2,1.0,0.0,2,1.0,0.0,2,1.0,0.0,1.0,1.0,0.6,0.92,0.0,85.0
241,44,119,48676,33,2.75,1.29,38,3.17,1.4,36,3.0,1.41,0.99,1.0,0.55,0.77,0.32,164.41
242,38,285,193183,28,2.0,0.96,37,2.64,1.98,31,2.21,0.97,1.0,1.0,0.64,0.8,0.96,159.34
243,65,195,68015,48,2.18,1.22,65,2.95,1.62,58,2.64,1.29,1.0,1.0,0.41,0.5,1.0,163.55
244,73,409,221919,57,2.48,0.99,72,3.13,1.39,71,3.09,1.38,0.99,0.99,0.45,0.66,0.53,154.13
245,41,264,102045,37,2.47,1.36,41,2.73,1.33,41,2.73,1.33,0.99,1.0,0.4,0.61,5.04,130.83
246,67,507,305598,56,2.33,1.31,67,2.79,1.77,60,2.5,1.53,0.99,0.99,0.55,0.65,5.21,149.4
247,38,254,133267,28,2.55,1.21,36,3.27,1.42,32,2.91,1.14,0.99,1.0,0.43,0.64,3.06,175.98
248,54,211,87726,44,2.44,0.98,52,2.89,1.28,50,2.78,1.22,0.95,0.95,0.39,0.54,0.4,150.66
249,69,484,283283,58,2.76,1.09,68,3.24,1.41,67,3.19,1.44,0.98,0.96,0.38,0.65,3.03,160.05
250,50,204,99022,35,2.69,1.11,49,3.77,1.88,43,3.31,1.44,0.99,1.0,0.32,0.56,1.24,150.65
251,61,427,229603,48,2.82,1.13,61,3.59,1.73,57,3.35,1.5,0.97,0.98,0.44,0.72,0.87,136.21
252,49,137,64720,33,2.36,0.74,41,2.93,1.27,39,2.79,1.05,0.98,1.0,0.44,0.6,0.42,170.12
253,66,705,464892,52,2.36,0.95,62,2.82,1.37,59,2.68,1.13,0.99,1.0,0.52,0.86,1.49,143.81
254,66,330,155592,53,2.79,1.4,66,3.47,1.84,62,3.26,1.82,0.99,1.0,0.42,0.65,7.6,158.67
255,73,319,164488,52,2.74,0.99,70,3.68,1.8,67,3.53,1.43,0.97,0.97,0.41,0.62,2.0,161.85
256,39,198,91549,29,2.64,1.03,39,3.55,0.93,37,3.36,0.92,1.0,1.0,0.46,0.71,7.6,169.01
257,42,170,100640,37,2.18,1.29,42,2.47,1.18,42,2.47,1.18,1.0,1.0,0.51,0.63,1.08,160.15
258,45,201,83711,35,2.92,1.24,45,3.75,1.54,43,3.58,1.51,0.99,1.0,0.42,0.66,0.27,175.26
259,73,2358,2885329,53,2.65,1.18,73,3.65,1.98,59,2.95,1.23,0.98,0.99,0.48,0.68,13.6,154.46
260,128,1110,698530,108,2.77,1.27,125,3.21,1.47,123,3.15,1.46,0.98,0.98,0.42,0.69,1.05,145.75
261,234,1863,1135154,181,2.55,1.28,232,3.27,1.5,216,3.04,1.43,0.99,0.98,0.43,0.68,0.44,152.9
262,257,1964,1211198,216,3.04,1.39,253,3.56,1.67,246,3.46,1.65,0.99,0.99,0.43,0.73,2.31,159.15
263,332,2541,1603670,214,3.19,1.43,271,4.04,1.85,252,3.76,1.65,0.99,1.0,0.43,0.81,3.0,171.55
264,205,1637,997238,167,3.21,1.46,196,3.77,1.86,190,3.65,1.7,0.98,0.99,0.42,0.77,2.64,159.3
265,392,2606,1530531,201,3.19,1.54,380,6.03,16.61,361,5.73,15.49,0.99,0.99,0.45,0.79,3.46,155.99
266,146,1267,766329,123,2.67,1.28,142,3.09,1.6,136,2.96,1.48,0.98,0.97,0.47,0.72,2.07,146.15
267,95,566,369077,79,2.63,1.4,91,3.03,1.61,88,2.93,1.66,0.97,0.97,0.47,0.67,3.45,145.75
268,84,413,203575,73,2.81,1.2,84,3.23,1.39,82,3.15,1.41,0.99,1.0,0.44,0.68,5.67,165.82
269,35,172,42554,22,1.83,0.83,34,2.83,1.75,28,2.33,1.23,1.0,1.0,0.38,0.51,22.37,132.72
270,251,608,185039,60,3.33,1.5,75,4.17,2.33,71,3.94,1.95,0.99,1.0,0.36,0.64,31.72,161.83
271,33,232,118736,24,2.67,1.22,30,3.33,2.29,25,2.78,1.39,0.99,1.0,0.5,0.86,34.76,172.02
272,45,170,92098,29,2.9,0.99,41,4.1,0.88,35,3.5,0.85,0.99,0.99,0.44,0.71,16.03,190.94
273,53,486,285339,37,3.08,1.56,50,4.17,2.04,43,3.58,1.68,1.0,1.0,0.59,0.85,14.3,137.8
274,147,571,147916,69,3.14,1.98,146,6.64,11.59,86,3.91,2.81,1.0,1.0,0.37,0.59,20.55,139.76
275,70,398,146419,53,3.12,1.32,69,4.06,3.15,60,3.53,2.07,1.0,1.0,0.42,0.71,24.66,137.6
276,91,769,380102,72,2.67,1.57,91,3.37,1.62,87,3.22,1.67,1.0,1.0,0.43,0.76,31.63,149.59
277,90,660,302835,74,2.85,1.52,88,3.38,1.81,86,3.31,1.78,0.98,0.98,0.44,0.76,38.02,152.82
278,71,394,194743,60,3.75,1.39,70,4.38,1.41,70,4.38,1.45,1.0,1.0,0.42,0.65,15.17,159.75
279,72,526,265504,61,3.59,1.46,71,4.18,1.67,71,4.18,1.67,0.99,1.0,0.44,0.79,24.33,147.56
