id_time,n_flows,n_packets,n_bytes,sum_n_dest_asn,average_n_dest_asn,std_n_dest_asn,sum_n_dest_ports,average_n_dest_ports,std_n_dest_ports,sum_n_dest_ip,average_n_dest_ip,std_n_dest_ip,tcp_udp_ratio_packets,tcp_udp_ratio_bytes,dir_ratio_packets,dir_ratio_bytes,avg_duration,avg_ttl
0,862,69916,79667027,494,3.77,1.71,476,3.63,1.79,785,5.99,2.71,0.99,0.99,0.5,0.45,39.92,145.57
1,789,34393,30136970,452,3.48,1.48,416,3.2,1.48,729,5.61,2.52,0.99,0.99,0.52,0.48,46.33,146.58
2,1034,13115,5624185,591,4.31,1.89,566,4.13,1.87,914,6.67,2.75,0.99,0.99,0.5,0.47,45.74,142.97
3,918,12444,4526488,520,3.94,1.66,499,3.78,1.65,831,6.3,2.37,0.99,1.0,0.48,0.45,46.93,149.89
4,1163,15142,6165329,603,4.53,1.77,583,4.38,1.89,953,7.17,2.69,0.99,0.99,0.47,0.43,42.79,156.07
5,1196,19542,6877882,640,4.6,1.72,627,4.51,1.89,1008,7.25,2.77,1.0,1.0,0.51,0.47,40.23,153.17
6,1287,18499,7122403,672,4.73,1.77,633,4.46,1.72,1126,7.93,2.53,1.0,1.0,0.48,0.44,46.43,144.09
7,921,18197,8001165,504,3.68,1.57,483,3.53,1.57,833,6.08,2.3,1.0,1.0,0.49,0.49,50.45,148.38
8,1030,13717,5914520,557,4.32,1.7,570,4.42,1.82,843,6.53,2.33,1.0,1.0,0.47,0.44,33.33,168.09
9,1002,8774,3419292,489,4.14,1.5,543,4.6,1.6,750,6.36,2.25,0.99,0.99,0.42,0.4,24.96,187.76
10,902,12796,5216120,472,4.0,1.55,483,4.09,1.43,697,5.91,2.12,1.0,1.0,0.44,0.42,36.06,186.23
11,1041,66968,77212644,579,4.82,1.5,578,4.82,1.65,794,6.62,2.14,1.0,1.0,0.45,0.43,25.29,184.14
12,1019,11204,4519219,591,4.62,1.73,575,4.49,1.67,856,6.69,2.64,1.0,1.0,0.5,0.47,35.13,175.01
13,981,18265,11437293,525,4.01,1.67,496,3.79,1.68,883,6.74,2.49,1.0,1.0,0.48,0.42,51.06,147.93
14,802,14334,5535406,453,3.46,1.55,438,3.34,1.7,725,5.53,2.5,0.99,0.99,0.5,0.48,41.88,148.69
15,920,13206,4934733,514,3.81,1.53,485,3.59,1.68,828,6.13,2.36,1.0,1.0,0.51,0.48,44.87,146.88
16,943,14550,5945075,517,3.95,1.68,506,3.86,1.81,854,6.52,3.0,1.0,1.0,0.55,0.52,47.52,150.6
17,1009,21059,6999276,559,4.08,1.83,556,4.06,1.96,922,6.73,2.86,0.96,0.95,0.51,0.46,39.65,144.36
18,1013,17698,10298609,539,3.96,3.35,483,3.55,1.53,925,6.8,4.24,1.0,1.0,0.52,0.47,49.61,143.6
19,1084,30929,23788675,578,4.16,1.51,535,3.85,1.59,991,7.13,2.61,1.0,1.0,0.49,0.46,45.71,143.89
20,1170,19117,8030349,635,4.67,1.83,608,4.47,1.91,1050,7.72,2.91,1.0,1.0,0.52,0.51,44.51,150.45
21,1031,13779,5263026,574,4.28,1.78,543,4.05,1.8,903,6.74,2.91,1.0,1.0,0.47,0.44,42.71,151.17
22,959,12395,4710744,528,3.85,1.45,496,3.62,1.47,876,6.39,2.64,0.99,0.99,0.51,0.45,52.53,145.37
23,971,15558,6707497,527,3.79,1.62,515,3.71,1.75,879,6.32,2.48,0.99,1.0,0.52,0.49,43.85,144.74
24,957,14562,6333375,514,3.84,1.72,467,3.49,1.75,877,6.54,2.83,0.99,0.99,0.56,0.54,44.94,136.93
25,1061,14279,5719261,521,4.01,1.72,485,3.73,1.68,922,7.09,2.62,1.0,1.0,0.55,0.53,47.77,145.4
26,998,14620,10212217,523,3.9,1.73,494,3.69,1.82,880,6.57,2.35,1.0,1.0,0.5,0.49,42.13,140.36
27,1118,15473,6379104,513,3.86,1.5,466,3.5,1.65,950,7.14,2.56,0.99,1.0,0.54,0.51,59.5,135.77
28,889,10803,4199539,491,3.78,1.59,473,3.64,1.65,797,6.13,2.6,1.0,1.0,0.49,0.43,47.93,152.71
29,3504,18322,8201435,649,4.84,1.54,617,4.6,1.55,932,6.96,2.48,1.0,1.0,0.36,0.4,14.27,219.69
30,980,23812,17171358,522,3.73,1.53,518,3.7,1.64,845,6.04,2.38,0.99,0.99,0.54,0.51,43.27,151.83
31,880,15055,5848565,477,3.53,1.43,467,3.46,1.69,805,5.96,2.37,1.0,1.0,0.5,0.44,53.71,147.17
32,834,14219,5930535,490,3.83,1.54,468,3.66,1.58,763,5.96,2.46,0.99,0.99,0.51,0.5,37.97,148.34
33,1011,16105,8198966,572,4.18,1.74,546,3.99,1.72,914,6.67,2.57,0.99,1.0,0.47,0.42,42.65,148.55
34,995,16057,6710211,575,4.2,1.7,564,4.12,1.87,905,6.61,2.36,0.99,1.0,0.49,0.47,37.83,147.7
35,845,13208,5273563,493,3.71,1.58,467,3.51,1.6,783,5.89,2.4,0.99,0.99,0.53,0.5,52.17,146.85
36,771,14890,9625905,454,3.57,1.53,427,3.36,1.67,708,5.57,2.22,0.99,0.99,0.54,0.52,45.38,143.32
37,900,41013,42830429,517,3.86,1.78,489,3.65,1.76,765,5.71,2.62,1.0,1.0,0.51,0.47,44.64,149.26
38,958,197400,119753890,540,4.06,1.61,511,3.84,1.67,865,6.5,2.24,0.87,0.88,0.47,0.43,59.72,140.29
39,1079,20631,11411342,593,4.3,1.65,570,4.13,1.74,953,6.91,2.42,0.99,1.0,0.46,0.45,42.83,148.89
40,1067,17882,7493211,605,4.35,1.79,539,3.88,1.52,941,6.77,2.37,0.99,1.0,0.48,0.45,59.24,148.44
41,1108,19732,8386179,622,4.47,1.62,532,3.83,1.65,990,7.12,2.57,1.0,1.0,0.51,0.48,58.86,142.13
42,935,13722,6042183,568,4.3,1.56,502,3.8,1.52,809,6.13,2.57,1.0,1.0,0.5,0.48,46.63,160.31
43,994,15193,5844432,644,4.84,1.71,556,4.18,1.52,860,6.47,2.19,1.0,1.0,0.5,0.49,41.62,158.89
44,861,15700,6717288,552,4.12,1.74,453,3.38,1.62,754,5.63,2.49,1.0,1.0,0.49,0.49,59.54,145.9
45,887,14776,6699753,579,4.35,1.71,491,3.69,1.68,793,5.96,2.24,0.99,0.99,0.5,0.51,49.46,142.73
46,873,14655,5898917,591,4.41,1.68,501,3.74,1.68,800,5.97,2.59,0.99,1.0,0.48,0.47,52.73,146.75
47,973,16253,8339805,608,4.54,1.66,509,3.8,1.64,840,6.27,2.28,1.0,1.0,0.48,0.47,59.92,141.75
48,904,7004,2466617,520,5.1,1.66,481,4.72,1.63,631,6.19,2.64,1.0,1.0,0.43,0.44,30.41,186.04
49,834,10104,4043110,503,4.3,1.52,446,3.81,1.52,653,5.58,1.95,0.99,1.0,0.46,0.47,42.47,171.55
50,982,15055,9366117,615,5.08,1.69,544,4.5,1.57,813,6.72,2.36,0.99,1.0,0.5,0.5,40.22,166.69
51,1020,21924,15854916,635,4.7,1.7,559,4.14,1.64,913,6.76,2.63,0.99,1.0,0.49,0.46,52.71,150.84
52,981,14490,6217559,629,4.66,1.76,563,4.17,1.75,830,6.15,2.4,0.99,1.0,0.51,0.52,45.21,162.18
53,949,13726,5784958,612,4.6,1.71,518,3.89,1.48,862,6.48,2.44,0.99,1.0,0.5,0.45,51.42,147.56
54,860,11896,6010077,560,4.24,1.77,509,3.86,1.81,788,5.97,2.9,0.99,0.99,0.48,0.46,37.5,150.46
55,861,10675,4839014,540,4.32,1.92,489,3.91,1.96,787,6.3,2.75,1.0,1.0,0.47,0.45,50.33,152.36
56,813,12320,5233083,535,4.25,1.67,475,3.77,1.5,727,5.77,2.18,1.0,0.99,0.47,0.44,53.15,149.42
57,712,13219,7285506,497,4.18,1.54,426,3.58,1.64,657,5.52,2.2,0.99,0.99,0.46,0.43,57.33,155.74
58,842,15922,9202075,521,4.04,1.77,447,3.47,1.57,742,5.75,2.6,0.99,0.99,0.52,0.49,53.42,139.12
59,719,31366,19812825,449,3.68,1.57,379,3.11,1.51,651,5.34,2.23,0.92,0.92,0.48,0.44,55.96,139.66
60,913,27942,24994764,559,4.14,1.47,468,3.47,1.34,798,5.91,2.16,0.99,1.0,0.48,0.45,45.3,132.74
61,884,21096,11654575,564,4.21,1.71,476,3.55,1.77,812,6.06,2.45,1.0,1.0,0.49,0.5,56.75,139.25
62,1000,14733,5484922,603,4.43,1.34,504,3.71,1.39,887,6.52,2.05,1.0,1.0,0.47,0.46,47.36,141.25
63,721,13039,5662348,459,3.73,1.49,384,3.12,1.35,651,5.29,2.28,0.99,1.0,0.51,0.51,53.09,142.76
64,933,60075,59288903,561,4.25,1.96,459,3.48,1.82,791,5.99,2.75,1.0,1.0,0.46,0.41,49.67,140.82
65,990,33645,29432040,578,4.31,1.73,475,3.54,1.61,854,6.37,2.84,0.99,1.0,0.52,0.51,51.45,141.0
66,824,13425,5723863,543,4.28,1.55,465,3.66,1.45,735,5.79,2.42,0.99,1.0,0.53,0.51,47.82,149.5
67,973,27555,24430138,611,4.46,1.91,518,3.78,1.76,855,6.24,2.65,1.0,1.0,0.5,0.49,56.48,150.39
68,1016,19931,12547502,681,4.97,1.77,582,4.25,1.72,888,6.48,2.48,0.99,1.0,0.46,0.44,41.26,154.52
69,975,15831,6369973,652,4.83,1.76,559,4.14,1.83,895,6.63,2.37,0.99,1.0,0.49,0.49,52.11,148.57
70,1004,14009,5074875,642,4.72,1.71,556,4.09,1.65,891,6.55,2.64,1.0,0.99,0.48,0.47,42.97,148.8
71,919,17413,7983703,585,4.64,1.83,503,3.99,1.85,825,6.55,2.89,1.0,1.0,0.48,0.48,53.19,149.45
72,987,15783,6417355,633,4.69,1.78,525,3.89,1.67,857,6.35,2.26,1.0,1.0,0.5,0.49,58.13,152.26
73,935,12838,5478169,636,4.78,1.84,556,4.18,1.83,823,6.19,2.35,1.0,1.0,0.52,0.49,43.44,157.17
74,945,13946,5871451,664,5.15,1.85,587,4.55,1.79,851,6.6,2.54,1.0,1.0,0.53,0.54,51.37,158.86
75,923,12358,4720432,634,4.7,1.73,556,4.12,1.54,817,6.05,2.03,0.99,1.0,0.48,0.45,40.89,161.11
76,935,14596,5852568,587,4.48,1.81,511,3.9,1.68,814,6.21,2.46,1.0,1.0,0.5,0.49,45.17,152.73
77,1156,13857,5136399,719,5.37,1.71,651,4.86,1.74,954,7.12,2.38,1.0,1.0,0.49,0.51,46.96,170.32
78,973,15388,6898844,645,4.92,1.65,572,4.37,1.72,846,6.46,2.3,1.0,1.0,0.49,0.47,37.59,155.67
79,897,11478,4081422,641,4.82,1.86,566,4.26,1.66,791,5.95,2.22,0.99,1.0,0.48,0.49,46.21,159.95
80,869,14016,6269889,583,4.32,1.82,508,3.76,1.67,790,5.85,2.19,1.0,1.0,0.5,0.47,48.96,151.65
81,767,13084,5180497,507,3.84,1.64,439,3.33,1.61,695,5.27,2.11,1.0,1.0,0.5,0.47,55.64,147.6
82,873,13780,6060785,559,4.17,1.63,479,3.57,1.68,769,5.74,2.37,0.99,1.0,0.5,0.46,41.9,149.33
83,857,14315,6065642,570,4.63,1.68,485,3.94,1.75,768,6.24,2.41,0.99,0.99,0.49,0.5,57.93,155.88
84,953,14967,6118870,612,4.64,1.81,525,3.98,1.65,820,6.21,2.49,1.0,1.0,0.52,0.49,47.85,148.83
85,663,6377,2762138,433,4.2,1.59,391,3.8,1.47,523,5.08,2.13,0.99,0.99,0.45,0.44,31.08,173.44
86,699,12497,7792758,477,4.18,1.71,414,3.63,1.49,568,4.98,2.12,0.99,0.99,0.47,0.46,37.48,173.88
87,610,8010,3763511,420,3.93,1.4,373,3.49,1.4,514,4.8,2.03,0.99,0.99,0.49,0.5,36.65,171.11
88,642,8294,3128091,424,3.96,1.55,367,3.43,1.39,518,4.84,1.8,0.99,0.99,0.51,0.52,45.19,167.49
89,675,6673,3127879,433,4.01,1.48,392,3.63,1.42,539,4.99,1.73,1.0,1.0,0.47,0.44,34.59,172.5
90,561,9826,4384572,409,3.75,1.58,373,3.42,1.48,515,4.72,1.99,1.0,1.0,0.5,0.5,46.98,158.59
91,614,8469,3560054,465,4.27,1.85,414,3.8,1.8,558,5.12,2.33,0.99,0.99,0.52,0.53,47.16,161.04
92,544,123239,175586093,399,3.73,1.68,357,3.34,1.57,479,4.48,2.13,0.99,0.99,0.46,0.45,38.98,155.26
93,743,8796,3583578,532,4.43,1.53,466,3.88,1.37,652,5.43,1.95,1.0,1.0,0.49,0.49,43.3,166.61
94,675,9625,4430555,481,4.33,1.88,436,3.93,1.89,593,5.34,2.39,0.99,0.98,0.45,0.45,46.32,159.72
95,967,16431,9601779,647,5.05,1.89,609,4.76,1.93,832,6.5,2.65,1.0,1.0,0.46,0.49,43.13,166.82
96,887,11064,4141005,625,5.0,1.68,556,4.45,1.6,779,6.23,2.12,0.99,0.99,0.47,0.51,42.91,165.59
97,922,12298,4374970,645,4.96,1.71,575,4.42,1.73,776,5.97,2.16,1.0,1.0,0.46,0.46,49.27,170.87
98,640,7245,2589651,470,4.12,1.68,442,3.88,1.65,567,4.97,2.05,0.99,0.99,0.47,0.48,37.72,159.87
99,606,11465,4709122,439,3.82,1.49,396,3.44,1.49,546,4.75,2.0,0.99,0.99,0.54,0.59,50.27,163.95
100,661,13064,8242874,461,3.78,1.55,396,3.25,1.56,596,4.89,2.25,0.99,0.99,0.51,0.51,47.86,151.68
101,665,60259,21152410,453,3.81,1.65,406,3.41,1.44,607,5.1,2.24,0.95,0.94,0.55,0.49,46.43,151.67
102,708,11029,7765979,424,3.96,1.64,458,4.28,2.07,599,5.6,2.39,1.0,1.0,0.45,0.44,31.47,173.57
103,602,5452,1833644,352,4.51,1.52,422,5.41,1.88,482,6.18,1.88,1.0,1.0,0.4,0.41,26.27,194.64
104,643,6388,2511462,368,4.23,1.48,434,4.99,1.74,528,6.07,2.22,1.0,1.0,0.44,0.48,30.7,194.96
105,584,7463,3573643,400,3.92,1.38,390,3.82,1.59,496,4.86,1.72,0.99,0.99,0.5,0.47,40.96,170.41
106,706,10896,5099524,482,4.12,1.7,422,3.61,1.66,629,5.38,2.22,1.0,1.0,0.5,0.47,46.72,147.25
107,716,9740,4394102,502,3.98,1.71,451,3.58,1.66,640,5.08,2.37,0.99,0.99,0.51,0.51,48.68,149.8
108,324,4078,1749787,232,3.8,1.31,201,3.3,1.12,305,5.0,2.47,0.98,0.99,0.47,0.39,42.53,151.42
109,508,17092,16551081,339,3.9,1.59,308,3.54,1.51,457,5.25,2.49,1.0,1.0,0.51,0.51,38.09,154.37
110,948,14602,7281056,616,4.81,1.61,535,4.18,1.64,821,6.41,2.29,1.0,1.0,0.5,0.49,45.77,153.04
111,934,15544,7552471,528,4.03,1.82,470,3.59,1.81,766,5.85,2.82,0.99,0.99,0.53,0.52,50.51,145.47
112,731,10732,6216251,480,3.97,1.6,426,3.52,1.49,617,5.1,2.48,1.0,1.0,0.49,0.47,31.34,162.71
113,734,11543,6115757,472,3.78,1.6,404,3.23,1.57,631,5.05,2.41,0.99,1.0,0.5,0.5,43.09,148.14
114,614,9229,3948937,432,3.51,1.42,365,2.97,1.22,542,4.41,1.92,0.93,0.93,0.48,0.49,38.15,152.13
115,590,13734,7555430,365,2.99,1.49,300,2.46,1.23,531,4.35,2.22,1.0,1.0,0.5,0.48,57.61,135.33
116,595,16454,11875625,396,3.3,1.5,331,2.76,1.24,522,4.35,2.62,1.0,1.0,0.55,0.56,56.76,136.72
117,616,11962,7163278,383,3.19,1.36,325,2.71,1.34,560,4.67,2.19,0.99,0.99,0.53,0.5,60.27,139.94
118,658,10276,4367477,421,3.48,1.57,387,3.2,1.53,593,4.9,2.5,0.99,0.99,0.56,0.55,39.01,146.59
119,634,8234,3289943,437,3.64,1.7,384,3.2,1.64,563,4.69,2.04,0.99,1.0,0.5,0.47,51.18,149.06
120,569,11937,6773631,385,3.18,1.48,336,2.78,1.47,513,4.24,1.89,1.0,1.0,0.54,0.52,54.44,140.04
121,511,16772,16714241,371,3.14,1.34,314,2.66,1.18,456,3.86,1.92,0.97,0.97,0.52,0.49,45.45,137.78
122,787,24301,18462046,461,3.6,1.45,371,2.9,1.41,694,5.42,2.45,0.95,0.95,0.48,0.48,57.18,131.5
123,756,14733,7226922,443,3.52,1.6,372,2.95,1.42,671,5.33,2.93,0.89,0.89,0.48,0.46,57.3,135.06
124,768,19299,13651681,463,3.59,1.78,381,2.95,1.5,678,5.26,2.55,0.89,0.89,0.48,0.47,54.13,130.86
125,802,8475,3168884,482,3.86,1.69,429,3.43,1.73,652,5.22,2.48,0.95,0.95,0.5,0.47,46.19,155.79
126,592,6614,2679966,359,3.59,1.56,320,3.2,1.36,455,4.55,2.13,0.89,0.9,0.46,0.41,32.94,166.93
127,617,7134,3030416,359,3.39,1.28,319,3.01,1.15,483,4.56,1.88,0.9,0.9,0.49,0.45,41.55,166.77
128,376,23154,26268744,171,3.8,1.42,149,3.31,1.28,240,5.33,2.53,0.93,0.93,0.4,0.39,32.3,175.42
135,404,13948,12112710,262,3.08,1.42,215,2.53,1.15,361,4.25,2.54,0.98,0.98,0.53,0.52,56.83,130.75
136,866,30456,10088152,511,3.79,1.61,520,3.85,1.71,791,5.86,2.51,0.68,0.7,0.47,0.49,83.8,140.37
137,724,18406,12931337,415,3.35,1.33,383,3.09,1.59,626,5.05,2.49,0.98,0.99,0.52,0.49,46.49,140.39
138,726,12813,4929768,443,3.36,1.5,360,2.73,1.31,633,4.8,2.19,0.99,1.0,0.52,0.51,58.26,133.14
139,728,18863,11402851,498,3.89,1.58,411,3.21,1.52,652,5.09,2.24,0.99,0.98,0.5,0.53,43.51,135.06
140,690,19176,13862131,441,3.56,1.54,369,2.98,1.38,623,5.02,2.5,0.99,0.99,0.52,0.5,53.09,133.1
141,576,13801,10686078,394,3.49,1.68,342,3.03,1.57,511,4.52,2.37,0.99,0.99,0.5,0.47,42.66,139.99
142,652,12492,8275752,447,3.76,1.48,376,3.16,1.36,574,4.82,2.13,1.0,1.0,0.47,0.46,51.72,149.95
143,602,10602,6549333,438,3.4,1.49,368,2.85,1.37,564,4.37,2.35,0.99,0.99,0.51,0.48,46.82,142.46
144,547,11544,7106182,392,3.27,1.58,331,2.76,1.35,504,4.2,2.29,0.99,1.0,0.52,0.51,42.39,140.39
145,569,16803,15042837,390,3.17,1.63,327,2.66,1.43,516,4.2,2.34,0.99,0.99,0.53,0.51,46.5,140.84
146,680,10587,4878190,471,3.8,1.57,403,3.25,1.5,606,4.89,2.25,0.99,0.99,0.47,0.46,43.76,144.49
147,694,12237,5025405,465,3.52,1.41,385,2.92,1.29,627,4.75,2.02,0.99,0.99,0.51,0.5,52.82,137.37
148,534,13293,9237619,389,3.32,1.35,339,2.9,1.38,485,4.15,1.74,0.99,0.99,0.51,0.48,51.71,143.56
149,600,13357,8573419,405,3.43,1.52,337,2.86,1.45,532,4.51,2.02,0.99,1.0,0.52,0.49,59.21,141.21
150,688,14522,8074964,437,3.61,1.57,362,2.99,1.38,599,4.95,2.17,0.85,0.85,0.51,0.49,68.9,134.61
151,633,11559,5529421,422,3.61,1.61,371,3.17,1.48,567,4.85,2.73,1.0,1.0,0.48,0.46,46.84,148.66
152,801,12290,4648982,513,3.83,1.48,411,3.07,1.36,718,5.36,2.24,1.0,1.0,0.48,0.46,55.69,142.7
153,653,10357,4123694,458,3.82,1.58,410,3.42,1.39,590,4.92,2.0,0.99,0.98,0.5,0.51,45.42,141.23
154,568,11411,4994289,388,3.18,1.46,320,2.62,1.33,524,4.3,1.97,0.99,0.98,0.49,0.46,51.1,135.66
155,583,37900,43013228,383,3.27,1.58,313,2.68,1.24,508,4.34,2.36,1.0,1.0,0.5,0.45,47.39,130.21
156,712,11938,5829419,447,3.49,1.54,382,2.98,1.65,649,5.07,2.33,0.99,0.99,0.49,0.45,48.17,139.84
157,729,16034,8731433,458,3.55,1.49,369,2.86,1.33,649,5.03,2.08,1.0,1.0,0.49,0.47,56.18,138.34
158,763,32753,32277068,482,3.92,1.74,399,3.24,1.57,666,5.41,2.65,0.99,0.99,0.49,0.46,41.97,139.84
159,831,14512,6367397,503,3.9,1.58,437,3.39,1.52,730,5.66,2.5,1.0,1.0,0.49,0.46,39.57,138.02
160,780,14553,6936649,473,3.56,1.6,389,2.92,1.39,688,5.17,2.68,1.0,1.0,0.52,0.5,55.41,136.59
161,749,10750,3962652,477,3.56,1.71,407,3.04,1.52,665,4.96,2.5,1.0,1.0,0.5,0.45,53.35,135.76
162,761,14523,9718858,499,3.81,1.39,405,3.09,1.29,674,5.15,2.02,0.99,1.0,0.48,0.45,49.31,134.73
163,594,11048,5682451,402,3.24,1.53,340,2.74,1.39,536,4.32,1.95,0.98,0.97,0.51,0.47,36.77,135.02
164,712,19505,12391812,450,3.66,1.73,376,3.06,1.48,627,5.1,2.62,1.0,1.0,0.51,0.51,58.75,131.37
165,734,9379,3630714,443,3.52,1.47,388,3.08,1.41,625,4.96,2.4,0.99,0.99,0.48,0.44,45.22,143.73
166,782,6766,2406893,443,4.03,1.47,457,4.15,1.45,560,5.09,2.1,1.0,0.99,0.49,0.48,26.52,180.66
167,667,8621,3348230,412,3.61,1.19,403,3.54,1.24,502,4.4,1.78,0.98,0.98,0.46,0.46,30.73,174.06
168,565,8558,3644027,377,3.31,1.4,351,3.08,1.43,474,4.16,1.76,0.99,1.0,0.51,0.48,45.38,157.06
169,659,17945,14963964,411,3.4,1.46,354,2.93,1.4,575,4.75,2.28,0.99,1.0,0.51,0.48,49.47,144.06
170,673,12064,7293541,422,3.4,1.55,349,2.81,1.28,610,4.92,2.32,0.99,1.0,0.53,0.49,46.98,136.47
171,789,15162,7952263,496,3.62,1.35,416,3.04,1.26,707,5.16,2.14,0.99,1.0,0.47,0.45,48.54,139.09
172,741,15979,9028173,436,3.54,1.53,381,3.1,1.67,642,5.22,2.2,0.99,0.99,0.52,0.51,55.18,141.48
173,799,9128,4980630,410,3.69,1.17,521,4.69,1.58,594,5.35,2.03,1.0,1.0,0.44,0.44,30.45,189.4
174,705,12313,5664718,410,3.53,1.49,408,3.52,1.47,575,4.96,2.18,0.99,0.98,0.51,0.51,46.41,160.03
175,629,8362,3662560,422,3.49,1.32,352,2.91,1.28,580,4.79,1.87,0.99,0.99,0.55,0.51,53.59,144.3
176,518,9597,3886957,352,3.09,1.62,307,2.69,1.48,484,4.25,2.36,0.99,1.0,0.53,0.53,50.18,134.34
177,644,15958,11224843,420,3.5,1.52,365,3.04,1.5,586,4.88,2.32,0.99,1.0,0.48,0.48,51.64,138.59
178,687,13274,7696170,448,3.47,1.26,376,2.91,1.15,641,4.97,1.94,0.99,0.99,0.5,0.47,42.09,139.66
179,676,13071,5570876,461,3.41,1.52,426,3.16,1.54,637,4.72,2.51,0.99,0.99,0.5,0.48,48.83,143.45
180,692,11969,4713338,454,3.63,1.42,385,3.08,1.5,628,5.02,2.15,1.0,1.0,0.5,0.48,53.23,138.79
181,585,4914,1636161,383,3.36,1.31,329,2.89,1.2,512,4.49,1.94,0.99,0.99,0.48,0.44,35.9,143.13
182,420,3736,1399062,292,3.07,1.52,265,2.79,1.54,374,3.94,2.08,0.99,0.98,0.53,0.46,31.84,131.61
183,663,25782,28943060,426,3.74,1.61,383,3.36,1.52,556,4.88,2.1,0.99,0.99,0.45,0.38,44.67,150.07
184,666,8156,4618554,407,3.7,1.34,350,3.18,1.35,555,5.05,2.09,0.99,0.99,0.49,0.45,31.44,162.2
185,641,12055,11401726,419,3.61,1.58,386,3.33,1.5,562,4.84,2.17,0.99,1.0,0.5,0.46,42.6,157.15
186,785,7475,2451513,498,3.98,1.5,445,3.56,1.39,683,5.46,2.33,0.98,0.98,0.47,0.43,39.63,149.73
187,854,13202,9128539,562,4.16,1.7,477,3.53,1.61,766,5.67,2.37,0.97,0.97,0.52,0.45,41.23,147.53
188,882,8709,3920867,555,4.08,1.56,467,3.43,1.44,794,5.84,2.39,0.99,0.99,0.51,0.44,38.5,140.15
189,653,10826,4698658,442,3.32,1.49,375,2.82,1.35,590,4.44,1.91,0.99,0.99,0.5,0.5,60.73,142.77
190,657,14732,7784364,418,3.43,1.44,355,2.91,1.31,592,4.85,2.53,0.99,1.0,0.53,0.52,54.8,138.78
191,743,39641,47922780,496,3.84,1.54,420,3.26,1.28,670,5.19,2.05,0.99,1.0,0.48,0.46,40.47,142.81
192,793,8461,3183935,493,3.68,1.41,415,3.1,1.24,713,5.32,2.02,0.99,0.99,0.5,0.46,48.7,135.94
193,793,14698,4909403,485,3.73,1.58,406,3.12,1.41,718,5.52,2.29,0.99,1.0,0.49,0.49,51.14,140.21
194,918,13966,6763685,525,4.04,1.53,455,3.5,1.47,775,5.96,2.23,0.99,1.0,0.5,0.47,45.01,145.62
195,959,12983,5295957,554,3.99,1.61,477,3.43,1.62,840,6.04,2.38,0.99,1.0,0.49,0.45,48.43,135.93
196,767,7181,2773918,496,3.91,1.57,422,3.32,1.55,694,5.46,2.51,1.0,1.0,0.48,0.44,42.81,137.12
197,724,22556,23602796,459,3.73,1.65,394,3.2,1.58,638,5.19,2.31,0.99,1.0,0.48,0.42,40.32,137.44
198,908,14580,6045731,527,3.85,1.61,438,3.2,1.56,795,5.8,2.47,0.99,0.99,0.51,0.49,50.82,137.74
199,758,7843,2790111,484,3.78,1.51,404,3.16,1.42,685,5.35,2.05,0.99,0.99,0.49,0.42,39.19,140.55
200,924,7905,3339496,520,4.06,1.39,540,4.22,1.66,803,6.27,2.22,0.99,1.0,0.47,0.46,37.92,163.12
201,993,10169,4469090,558,4.01,1.61,543,3.91,1.88,865,6.22,2.48,0.99,0.99,0.48,0.43,38.2,149.31
202,961,12086,7530796,538,3.9,1.65,447,3.24,1.42,831,6.02,2.46,0.99,1.0,0.5,0.42,45.02,138.04
203,740,7967,3806727,485,3.65,1.58,396,2.98,1.4,662,4.98,2.17,0.99,0.99,0.46,0.39,43.21,134.29
204,763,7164,2459698,459,3.73,1.52,397,3.23,1.41,675,5.49,2.19,1.0,1.0,0.52,0.47,48.56,133.78
205,766,13255,5499137,478,3.62,1.43,405,3.07,1.39,696,5.27,2.36,0.99,0.99,0.5,0.46,56.8,144.02
206,897,9262,3586180,508,3.79,1.61,396,2.96,1.44,764,5.7,2.67,0.98,0.98,0.52,0.46,41.85,137.07
207,1147,21362,10986610,584,4.17,1.71,454,3.24,1.58,942,6.73,2.81,0.99,0.99,0.48,0.47,52.59,139.64
208,1171,11627,4298898,622,4.38,1.51,500,3.52,1.51,950,6.69,2.41,1.0,1.0,0.47,0.41,50.89,150.34
209,1078,13290,6138714,488,3.56,1.33,367,2.68,1.38,862,6.29,2.61,1.0,1.0,0.51,0.42,53.72,140.94
210,874,9031,3929046,494,3.61,1.34,412,3.01,1.39,763,5.57,2.19,0.99,0.99,0.5,0.42,39.5,139.09
211,872,9875,4020990,528,3.88,1.81,434,3.19,1.58,770,5.66,2.54,0.99,0.98,0.5,0.44,50.87,137.84
212,1058,13995,6814328,590,4.24,1.58,483,3.47,1.63,916,6.59,2.94,1.0,1.0,0.53,0.48,57.04,137.59
213,919,11124,4194326,549,4.13,1.73,458,3.44,1.71,811,6.1,2.39,1.0,1.0,0.48,0.42,43.66,129.48
214,1025,19293,8759680,558,4.07,1.75,468,3.42,1.65,889,6.49,2.66,1.0,1.0,0.47,0.45,60.76,131.41
215,960,17006,6975209,552,4.0,1.46,453,3.28,1.43,838,6.07,2.17,0.99,1.0,0.51,0.5,56.07,132.1
216,974,15702,7352646,573,4.12,1.49,502,3.61,1.52,861,6.19,2.39,1.0,1.0,0.49,0.44,48.84,137.22
217,891,323090,164771761,483,3.63,1.66,430,3.23,1.5,785,5.9,2.44,0.85,0.85,0.52,0.47,74.93,134.95
218,1037,847903,712024473,570,4.16,1.59,503,3.67,1.68,887,6.47,2.48,0.82,0.82,0.47,0.41,70.23,137.59
219,873,26215,26072698,513,4.01,1.66,423,3.3,1.54,754,5.89,2.69,1.0,1.0,0.49,0.41,43.23,135.78
220,829,14174,5669320,516,3.97,1.73,437,3.36,1.61,732,5.63,2.71,0.99,0.99,0.48,0.44,48.55,139.86
221,797,8364,3352096,520,3.91,1.5,424,3.19,1.37,708,5.32,2.54,0.99,0.99,0.48,0.4,45.29,135.58
222,1009,13439,6470235,589,4.27,1.7,486,3.52,1.73,887,6.43,2.53,0.99,1.0,0.5,0.45,53.35,137.25
223,927,10823,5270627,588,4.36,1.58,498,3.69,1.63,813,6.02,2.3,0.99,0.99,0.48,0.42,46.27,138.72
224,833,231857,140092641,499,3.84,1.66,430,3.31,1.53,734,5.65,2.24,0.95,0.95,0.5,0.44,53.87,132.15
225,401,9547,9550579,275,3.4,1.33,234,2.89,1.18,369,4.56,2.07,1.0,1.0,0.45,0.39,39.2,136.24
226,84,278,102534,64,2.91,1.19,70,3.18,1.47,82,3.73,1.75,1.0,1.0,0.39,0.4,6.16,141.04
227,81,543,96540,70,2.8,0.82,69,2.76,0.97,75,3.0,1.0,0.96,0.98,0.28,0.24,29.04,132.57
228,97,60803,77087985,77,3.5,1.06,78,3.55,1.22,86,3.91,1.27,0.99,0.99,0.23,0.21,20.49,148.57
229,68,1433,1651530,39,3.25,1.22,37,3.08,1.16,44,3.67,1.83,0.98,0.98,0.32,0.36,4.6,188.99
230,102,1499,1231900,84,3.5,1.1,80,3.33,1.24,90,3.75,1.22,0.96,0.95,0.25,0.25,22.03,156.84
231,119,1284,287161,97,2.85,1.08,100,2.94,1.1,113,3.32,1.2,0.97,0.96,0.29,0.29,44.23,146.14
232,86,499,181570,73,3.32,1.04,67,3.05,1.09,81,3.68,1.17,0.99,0.99,0.25,0.24,43.6,142.78
233,36,206,53616,32,2.67,0.78,29,2.42,0.51,35,2.92,1.16,0.94,0.93,0.3,0.31,13.48,145.69
234,92,4651,6105552,70,2.92,1.1,64,2.67,0.82,79,3.29,1.2,0.98,0.96,0.32,0.32,16.08,134.23
235,40,722,198660,32,2.13,1.25,28,1.87,0.83,37,2.47,1.73,0.99,0.99,0.53,0.56,25.93,134.11
236,76,1406,1280010,66,3.47,1.26,59,3.11,1.05,70,3.68,1.38,0.98,0.99,0.3,0.35,39.05,127.8
237,85,534,104710,69,3.0,1.21,69,3.0,1.35,78,3.39,1.44,0.99,1.0,0.33,0.34,27.89,149.51
238,48,334,76978,39,3.9,2.13,35,3.5,1.78,47,4.7,2.36,0.97,0.98,0.36,0.45,26.37,126.54
239,100,3281,3523989,78,3.55,1.6,74,3.36,1.65,93,4.23,2.02,0.96,0.95,0.42,0.44,29.8,132.18
240,240,1916,301803,174,4.14,1.59,177,4.21,1.59,204,4.86,1.79,0.99,0.99,0.29,0.28,16.14,156.88
241,76,1705,1288438,51,3.92,1.66,46,3.54,1.39,59,4.54,2.33,0.99,1.0,0.24,0.21,31.36,151.89
242,424,5997,2994331,307,3.61,1.79,276,3.25,1.62,392,4.61,2.19,0.99,0.99,0.47,0.45,34.97,143.12
243,625,10321,3976799,416,3.44,1.41,362,2.99,1.31,569,4.7,1.82,0.99,0.99,0.51,0.5,40.93,142.25
244,664,9204,3431095,433,3.55,1.48,402,3.3,1.45,617,5.06,2.04,0.99,0.99,0.49,0.51,58.82,142.68
245,191,2528,996391,134,2.98,1.42,116,2.58,1.31,179,3.98,1.6,0.98,0.96,0.48,0.42,41.53,137.24
246,308,8315,6421675,208,3.15,1.37,181,2.74,1.3,272,4.12,1.93,0.99,0.99,0.47,0.45,58.98,140.21
247,547,24407,23865238,365,3.2,1.56,308,2.7,1.38,493,4.32,1.94,0.99,1.0,0.47,0.44,54.01,141.52
248,682,82622,45020428,401,3.26,1.54,382,3.11,1.4,633,5.15,2.15,0.91,0.91,0.52,0.49,69.76,139.21
249,670,10804,4195514,434,3.36,1.5,399,3.09,1.45,619,4.8,2.26,0.99,0.99,0.54,0.55,55.43,143.72
250,777,12867,5230289,461,3.47,1.41,423,3.18,1.36,700,5.26,2.22,0.99,0.99,0.53,0.53,52.63,143.1
251,762,14989,7595211,489,3.79,1.44,441,3.42,1.47,693,5.37,1.9,1.0,1.0,0.5,0.51,48.72,148.33
252,595,7879,3155022,417,3.36,1.55,363,2.93,1.45,552,4.45,2.07,0.99,1.0,0.53,0.51,36.88,137.52
253,477,9427,6084078,334,3.04,1.54,307,2.79,1.47,443,4.03,2.24,1.0,1.0,0.54,0.53,35.54,144.26
254,449,8533,5195756,296,2.85,1.45,292,2.81,1.53,423,4.07,2.46,1.0,1.0,0.54,0.51,50.01,150.88
255,702,11988,6968183,464,3.8,1.4,461,3.78,1.55,648,5.31,2.18,0.99,0.99,0.5,0.47,51.07,156.9
256,691,9626,3542850,476,3.81,1.5,418,3.34,1.43,637,5.1,2.07,0.99,0.99,0.52,0.52,52.08,145.07
257,707,14547,6878136,451,3.52,1.52,392,3.06,1.53,637,4.98,2.28,1.0,1.0,0.5,0.49,61.56,146.04
258,758,15666,6774510,484,3.75,1.56,447,3.47,1.58,694,5.38,2.1,0.99,0.99,0.5,0.51,53.73,142.84
259,591,8162,3101129,399,3.44,1.42,349,3.01,1.48,543,4.68,1.95,1.0,1.0,0.48,0.48,54.35,143.96
260,756,27060,24010392,468,3.63,1.59,402,3.12,1.52,677,5.25,2.55,0.99,1.0,0.47,0.49,53.95,141.24
261,817,12263,5325560,539,4.08,1.71,487,3.69,1.64,744,5.64,2.27,1.0,1.0,0.51,0.5,41.55,142.46
262,716,11020,4717040,479,3.89,1.44,438,3.56,1.44,678,5.51,2.16,0.99,0.99,0.55,0.53,48.58,149.59
263,859,13053,6604563,509,3.86,1.54,500,3.79,1.62,685,5.19,2.09,1.0,1.0,0.54,0.56,40.13,164.67
264,827,8585,2956343,483,3.8,1.35,481,3.79,1.54,730,5.75,2.05,0.99,0.99,0.49,0.48,34.82,155.37
265,786,8957,2710856,483,3.55,1.46,459,3.38,1.66,730,5.37,2.14,1.0,1.0,0.51,0.48,42.05,146.63
266,727,9475,3067485,468,3.6,1.52,416,3.2,1.43,671,5.16,2.12,1.0,1.0,0.52,0.51,51.07,138.35
267,648,8410,3089035,408,3.4,1.56,370,3.08,1.43,594,4.95,2.18,1.0,1.0,0.53,0.51,42.28,140.04
268,685,7921,2378978,430,3.41,1.52,396,3.14,1.52,625,4.96,2.18,0.99,0.98,0.47,0.48,38.13,149.56
269,664,13837,10611166,433,3.61,1.47,408,3.4,1.51,611,5.09,2.15,0.99,1.0,0.52,0.53,40.72,152.39
270,772,8053,2140038,503,3.99,1.62,438,3.48,1.56,720,5.71,2.2,0.99,0.99,0.52,0.48,39.54,149.82
271,785,8269,2510815,468,3.57,1.44,427,3.26,1.46,702,5.36,2.08,0.99,0.99,0.5,0.47,40.42,148.39
272,863,7742,2892362,532,4.12,1.49,520,4.03,1.65,701,5.43,2.11,0.99,0.99,0.55,0.57,27.0,170.95
273,680,6947,2292689,444,3.76,1.52,399,3.38,1.56,593,5.03,1.95,0.99,0.99,0.52,0.52,34.97,156.65
274,699,12587,8019591,445,3.65,1.49,382,3.13,1.44,607,4.98,1.95,1.0,1.0,0.55,0.5,37.34,148.78
275,727,11394,5835467,474,3.73,1.26,426,3.35,1.42,665,5.24,1.98,1.0,1.0,0.52,0.51,43.43,145.8
276,727,7483,2370088,468,3.69,1.54,443,3.49,1.58,664,5.23,2.16,0.99,1.0,0.51,0.47,41.13,143.44
277,817,9615,3482653,502,3.86,1.62,460,3.54,1.63,740,5.69,2.27,0.99,0.99,0.49,0.45,46.1,145.89
278,810,9565,3533184,534,4.31,1.69,483,3.9,1.57,744,6.0,2.26,0.99,0.99,0.5,0.49,37.78,146.33
279,810,8510,2285369,517,4.2,1.66,474,3.85,1.58,742,6.03,2.25,0.99,0.99,0.49,0.48,36.85,151.27
