id_time,n_flows,n_packets,n_bytes,sum_n_dest_asn,average_n_dest_asn,std_n_dest_asn,sum_n_dest_ports,average_n_dest_ports,std_n_dest_ports,sum_n_dest_ip,average_n_dest_ip,std_n_dest_ip,tcp_udp_ratio_packets,tcp_udp_ratio_bytes,dir_ratio_packets,dir_ratio_bytes,avg_duration,avg_ttl
0,1538,102752,98369967,704,5.21,2.69,555,4.11,1.97,1275,9.44,6.52,0.98,0.97,0.5,0.47,46.13,149.04
1,1307,413175,481770227,655,4.89,2.55,480,3.58,1.36,1141,8.51,6.3,0.99,0.99,0.45,0.36,52.77,153.87
2,1644,126971,120728486,737,5.38,3.2,515,3.76,1.56,1440,10.51,7.82,0.99,1.0,0.46,0.37,55.99,148.98
3,1386,72773,50779424,648,4.73,1.97,571,4.17,1.79,1183,8.64,4.8,0.98,0.98,0.48,0.43,51.36,152.71
4,1501,230891,206264996,657,4.9,2.17,602,4.49,1.69,1228,9.16,6.12,0.99,0.99,0.48,0.42,44.58,155.51
5,1073,12457,5876891,591,4.38,1.81,587,4.35,1.65,950,7.04,2.9,1.0,1.0,0.5,0.44,40.66,156.72
6,516,6317,2215243,260,3.88,1.67,261,3.9,1.76,457,6.82,2.47,0.99,1.0,0.53,0.47,57.33,142.64
7,1570,61435,38927784,592,5.19,2.62,464,4.07,1.68,1262,11.07,7.81,0.97,0.97,0.5,0.43,52.97,147.67
8,1662,357495,414751011,611,4.59,2.41,560,4.21,1.62,1242,9.34,7.61,1.0,1.0,0.44,0.36,43.92,166.23
9,2305,166336,161836758,806,6.3,3.44,623,4.87,1.34,1782,13.92,10.3,0.98,0.98,0.43,0.34,31.43,169.42
10,1902,40770,25902307,669,5.07,1.97,567,4.3,1.62,1339,10.14,5.88,0.98,0.98,0.47,0.44,41.93,167.96
11,1988,69977,38049577,843,5.9,2.66,671,4.69,1.5,1530,10.7,7.99,0.97,0.97,0.5,0.45,50.83,167.61
12,1201,17106,3720737,638,4.76,1.53,532,3.97,1.55,951,7.1,2.13,1.0,0.99,0.5,0.49,66.16,164.64
13,1132,38968,10725746,566,4.13,1.51,475,3.47,1.29,963,7.03,2.41,1.0,1.0,0.51,0.47,75.01,143.38
14,2007,508136,581525135,754,5.35,2.85,467,3.31,1.35,1600,11.35,8.31,0.97,0.97,0.48,0.43,77.75,132.85
15,2143,73055,45710601,758,5.34,2.94,506,3.56,1.61,1719,12.11,9.87,0.97,0.97,0.49,0.45,72.05,141.88
16,2043,65035,33659244,768,5.41,2.03,572,4.03,1.52,1733,12.2,8.12,1.0,1.0,0.52,0.47,74.11,138.07
17,2607,150448,106577439,829,5.8,2.27,592,4.14,1.44,2071,14.48,10.42,0.99,0.98,0.49,0.43,61.38,140.16
18,2632,109422,73889406,899,6.29,2.99,615,4.3,1.72,2105,14.72,11.53,0.98,0.98,0.46,0.43,67.75,138.67
19,1362,49569,17241301,704,4.89,1.53,596,4.14,1.54,1135,7.88,2.55,0.99,1.0,0.53,0.49,71.74,143.46
20,1371,36923,10428283,648,4.7,1.49,562,4.07,1.57,1102,7.99,2.64,1.0,1.0,0.5,0.5,94.26,140.32
21,2554,114128,80325629,813,5.73,3.15,564,3.97,1.61,2022,14.24,12.71,0.95,0.95,0.46,0.41,66.39,140.9
22,2701,255566,267358944,835,5.88,3.85,620,4.37,1.87,2194,15.45,11.76,0.92,0.93,0.45,0.4,56.21,139.51
23,3083,208673,205439687,876,6.08,3.66,593,4.12,1.55,2471,17.16,15.31,0.94,0.95,0.48,0.42,59.27,137.64
24,2421,117214,93118770,685,5.04,2.52,501,3.68,1.61,1963,14.43,12.45,0.96,0.96,0.49,0.47,77.46,137.15
25,2712,253862,258549062,816,5.79,2.54,585,4.15,1.78,2055,14.57,11.76,0.99,0.99,0.5,0.46,86.36,131.21
26,888,18484,5711184,523,4.02,1.64,445,3.42,1.41,760,5.85,2.35,1.0,1.0,0.55,0.54,94.58,138.17
27,1090,22952,7446893,608,4.47,1.66,515,3.79,1.53,880,6.47,2.45,1.0,1.0,0.54,0.5,91.56,135.64
28,3387,169947,150220186,941,6.63,4.26,571,4.02,1.84,2336,16.45,15.0,0.96,0.97,0.49,0.41,61.22,133.21
29,2696,102859,74278944,778,5.64,2.9,575,4.17,1.64,2112,15.3,13.19,0.9,0.91,0.48,0.41,49.69,139.49
30,2675,94853,64518232,825,5.94,3.63,598,4.3,1.6,2148,15.45,12.14,0.94,0.95,0.46,0.38,53.74,139.07
31,1439,72972,60580428,609,4.58,2.42,494,3.71,1.54,1169,8.79,5.83,0.91,0.91,0.45,0.38,64.67,142.94
32,2149,124835,80505859,707,5.09,2.69,571,4.11,1.78,1674,12.04,8.98,0.88,0.88,0.47,0.41,54.03,140.63
33,1111,17687,6153292,588,4.39,1.82,564,4.21,1.78,933,6.96,2.6,0.9,0.91,0.5,0.44,49.18,150.8
34,947,34215,9510699,524,3.88,1.51,511,3.79,1.43,849,6.29,2.56,0.91,0.91,0.51,0.42,51.21,147.65
35,2199,110510,77707268,716,5.3,2.9,512,3.79,1.53,1761,13.04,10.95,0.89,0.9,0.48,0.42,60.44,139.18
36,2096,159033,157750538,648,4.76,3.01,510,3.75,1.47,1523,11.2,9.67,0.88,0.89,0.48,0.43,53.17,136.45
37,2576,162303,136618230,765,5.5,3.19,497,3.58,1.53,1821,13.1,10.45,0.95,0.96,0.48,0.4,60.38,138.5
38,1910,104293,86672201,707,5.16,2.44,598,4.36,1.68,1544,11.27,7.37,0.9,0.91,0.47,0.42,45.35,144.7
39,1560,147607,129970025,586,4.28,2.28,565,4.12,1.9,1196,8.73,6.48,0.8,0.82,0.49,0.44,72.56,143.05
40,1109,14813,5400522,548,4.0,1.67,522,3.81,1.54,921,6.72,2.3,0.88,0.89,0.5,0.44,60.64,144.31
41,1182,29406,17453932,564,4.03,1.77,542,3.87,1.57,958,6.84,2.9,0.95,0.96,0.48,0.4,49.31,139.89
42,2666,187550,166452401,873,6.56,4.28,528,3.97,1.52,1780,13.38,12.26,0.89,0.9,0.47,0.4,52.21,148.08
43,2325,192323,157913461,722,5.12,2.5,547,3.88,1.47,1836,13.02,11.46,0.92,0.92,0.49,0.45,58.45,143.21
44,2369,131527,93748172,763,5.49,2.97,585,4.21,1.48,1890,13.6,10.7,0.91,0.91,0.5,0.45,46.94,141.23
45,1988,109816,86788823,713,5.02,2.62,565,3.98,1.39,1618,11.39,9.36,0.91,0.92,0.47,0.41,52.19,141.83
46,1994,61263,33331495,692,5.01,2.83,508,3.68,1.52,1593,11.54,10.41,0.9,0.91,0.48,0.42,56.38,139.64
47,1069,16010,7152288,569,4.12,1.68,549,3.98,1.68,933,6.76,2.71,0.88,0.89,0.51,0.45,54.05,140.92
48,970,14376,4033235,510,4.55,1.41,491,4.38,1.35,677,6.04,1.81,0.9,0.92,0.41,0.39,30.53,186.7
49,3214,326393,339829642,817,6.28,3.54,544,4.18,1.55,2122,16.32,15.67,0.92,0.92,0.43,0.36,56.16,155.83
50,2339,110590,90095989,861,6.06,3.39,589,4.15,1.74,1771,12.47,10.24,0.93,0.93,0.47,0.41,64.82,149.94
51,2536,112091,78434345,825,5.77,3.01,632,4.42,1.7,1952,13.65,10.63,0.92,0.92,0.5,0.43,66.09,140.23
52,2509,141719,127140470,791,6.48,3.83,539,4.42,1.73,1846,15.13,11.64,0.92,0.91,0.44,0.38,59.52,148.91
53,2081,120495,111147618,699,5.64,2.89,462,3.73,1.58,1360,10.97,9.49,0.93,0.93,0.46,0.39,56.38,151.92
54,1252,22483,13912595,675,5.19,1.85,583,4.48,1.84,1002,7.71,3.26,0.91,0.92,0.49,0.43,57.13,174.29
55,1037,21159,6422246,601,4.73,1.72,509,4.01,1.54,849,6.69,2.5,0.92,0.91,0.48,0.42,53.7,174.69
56,1752,75133,57007573,681,5.04,2.47,501,3.71,1.46,1346,9.97,8.86,0.96,0.96,0.48,0.43,59.24,165.06
57,1673,92934,75967613,685,5.19,2.94,528,4.0,1.54,1279,9.69,8.77,0.91,0.91,0.45,0.41,55.15,168.22
58,2389,89944,71424675,842,6.33,3.98,545,4.1,1.53,1754,13.19,11.27,0.95,0.95,0.48,0.41,52.89,159.27
59,2006,96202,81995591,678,5.14,2.69,467,3.54,1.37,1485,11.25,10.35,0.97,0.97,0.46,0.38,52.97,154.94
60,1767,105510,75422375,697,5.12,2.87,478,3.51,1.5,1362,10.01,9.78,0.97,0.97,0.48,0.4,61.47,155.05
61,946,8236,3674068,536,4.47,1.71,454,3.78,1.54,667,5.56,2.2,0.99,1.0,0.49,0.4,48.87,175.74
62,1038,36741,31185362,502,4.02,2.48,383,3.06,1.46,861,6.89,6.88,0.98,0.98,0.51,0.41,73.35,145.59
63,1440,44574,20876120,688,5.42,3.03,467,3.68,1.41,1081,8.51,6.23,0.96,0.95,0.5,0.44,58.94,158.07
64,2279,269084,301132396,732,5.63,3.31,522,4.02,1.64,1398,10.75,9.46,0.89,0.9,0.47,0.4,62.51,157.2
65,1220,69731,59181766,429,4.29,2.48,335,3.35,1.4,849,8.49,7.37,0.97,0.97,0.53,0.46,50.42,135.94
66,2135,203195,202037647,666,5.12,2.59,449,3.45,1.47,1468,11.29,9.92,0.95,0.96,0.49,0.42,59.72,141.31
67,1392,59983,44251311,592,4.42,2.25,457,3.41,1.52,1156,8.63,6.11,0.91,0.92,0.51,0.45,67.47,145.41
68,841,13888,5932711,529,3.95,1.5,466,3.48,1.42,727,5.43,2.07,0.9,0.9,0.5,0.46,74.81,163.99
69,836,18960,8784066,495,3.81,1.57,444,3.42,1.48,725,5.58,2.25,0.93,0.94,0.52,0.46,74.78,159.55
70,1911,108939,72429470,683,4.99,2.33,489,3.57,1.58,1547,11.29,8.55,0.87,0.88,0.51,0.45,69.8,147.75
71,1719,89557,68906774,673,4.95,2.79,495,3.64,1.54,1384,10.18,8.55,0.89,0.9,0.49,0.42,63.73,146.22
72,1837,70971,51358077,717,5.16,2.36,567,4.08,1.77,1515,10.9,6.63,0.92,0.92,0.46,0.38,51.86,143.62
73,2691,139643,98839587,896,6.27,2.95,722,5.05,1.75,2121,14.83,11.78,0.9,0.91,0.49,0.42,49.53,146.45
74,982,24064,10156854,557,4.25,1.63,557,4.25,1.72,840,6.41,2.47,0.9,0.9,0.48,0.42,64.79,165.85
75,906,23511,8695490,533,4.1,1.71,532,4.09,1.8,785,6.04,2.57,0.9,0.91,0.52,0.47,51.36,160.17
76,935,17757,7657396,510,3.81,1.56,520,3.88,1.74,815,6.08,2.56,0.89,0.9,0.53,0.49,61.21,150.72
77,994,17841,8420905,570,4.25,1.63,599,4.47,1.71,851,6.35,2.44,0.94,0.94,0.51,0.46,43.38,159.79
78,1049,15401,6143193,622,4.75,1.58,630,4.81,1.58,881,6.73,2.39,0.88,0.89,0.52,0.5,42.77,166.32
79,919,29772,7602347,502,3.8,1.52,518,3.92,1.44,769,5.83,1.99,0.86,0.87,0.5,0.46,53.23,161.89
80,767,17631,6098978,432,3.54,1.45,455,3.73,1.6,656,5.38,2.17,0.92,0.92,0.54,0.48,45.11,153.31
81,942,77246,73826357,470,3.64,1.67,484,3.75,1.61,778,6.03,3.62,0.87,0.87,0.53,0.52,49.86,143.54
82,872,16326,4446160,479,3.71,1.41,508,3.94,1.63,753,5.84,2.22,0.91,0.92,0.49,0.45,58.46,141.81
83,996,14066,7038974,455,3.61,1.6,479,3.8,1.59,710,5.63,2.28,0.87,0.89,0.51,0.48,49.6,151.15
84,904,12322,5887006,498,3.95,1.5,505,4.01,1.43,739,5.87,2.23,0.92,0.93,0.5,0.45,39.39,157.21
85,1407,47093,40869945,571,4.72,2.34,508,4.2,1.47,1092,9.02,7.47,0.89,0.89,0.46,0.45,40.38,163.87
86,1449,82540,75584121,590,4.92,3.1,457,3.81,1.37,1165,9.71,8.55,0.91,0.9,0.49,0.46,53.24,161.52
87,2634,106671,84174988,742,5.94,3.41,525,4.2,1.5,1651,13.21,10.55,0.9,0.91,0.46,0.39,44.64,153.91
88,1886,77801,56613473,619,5.25,3.17,443,3.75,1.41,1381,11.7,10.93,0.91,0.92,0.43,0.36,46.94,154.17
89,955,11522,2934208,532,4.29,1.55,516,4.16,1.71,749,6.04,2.2,0.92,0.92,0.51,0.45,34.05,155.14
90,748,7550,2681533,449,3.68,1.48,441,3.61,1.56,648,5.31,1.93,0.96,0.96,0.56,0.49,42.0,155.31
91,1789,82543,63754281,630,4.96,3.08,493,3.88,1.99,1418,11.17,9.79,0.91,0.92,0.52,0.46,57.61,138.08
92,2019,241443,254531978,649,5.9,3.36,447,4.06,1.93,1561,14.19,12.17,0.9,0.9,0.48,0.44,64.88,144.64
93,2122,149826,153205050,741,6.56,4.69,497,4.4,1.94,1631,14.43,15.35,0.95,0.95,0.46,0.4,40.01,157.19
94,2086,123264,109502410,651,5.81,2.98,435,3.88,1.64,1514,13.52,13.47,0.96,0.95,0.48,0.42,55.19,146.19
95,1504,69607,57579552,731,5.76,2.38,511,4.02,1.61,1266,9.97,7.1,0.97,0.97,0.5,0.42,69.54,149.04
96,748,7057,2442032,520,4.41,1.61,451,3.82,1.5,615,5.21,1.96,0.99,0.99,0.5,0.46,57.0,166.67
97,865,17489,11462322,531,4.66,2.14,429,3.76,1.55,707,6.2,4.82,0.99,0.99,0.5,0.44,51.99,168.16
98,2117,195064,186859912,792,6.49,4.38,416,3.41,1.49,1682,13.79,13.13,0.96,0.97,0.44,0.36,74.15,144.69
99,2308,60237,32452086,640,4.81,3.16,403,3.03,1.4,1367,10.28,9.5,0.9,0.91,0.48,0.41,66.52,141.43
100,2288,117581,86523607,757,5.61,3.43,466,3.45,1.66,1784,13.21,11.5,0.9,0.91,0.45,0.36,71.01,142.58
101,1879,74575,46063942,703,5.49,4.15,444,3.47,1.55,1572,12.28,13.22,0.92,0.93,0.5,0.42,62.22,145.92
102,1283,45171,36695617,570,4.63,2.55,537,4.37,1.93,1058,8.6,7.08,0.95,0.95,0.44,0.39,52.47,167.76
103,755,16474,9043844,404,4.0,1.34,535,5.3,1.89,600,5.94,2.17,0.94,0.94,0.44,0.45,44.45,190.32
104,3611,33931,8074529,591,4.55,1.44,758,5.83,1.85,805,6.19,1.87,0.98,0.98,0.53,0.65,14.0,138.48
105,6053,101909,61912452,716,4.97,1.84,709,4.92,1.64,1124,7.81,5.22,0.99,0.98,0.5,0.61,7.3,107.55
106,3561,74506,44371917,662,4.7,1.74,557,3.95,1.57,1269,9.0,6.08,0.91,0.92,0.46,0.49,36.51,123.6
107,1838,365734,255782611,656,4.86,2.85,498,3.69,1.65,1465,10.85,9.06,0.87,0.88,0.48,0.43,52.63,143.47
108,1862,223437,239622701,706,5.39,2.83,526,4.02,1.66,1374,10.49,8.78,0.89,0.9,0.43,0.38,50.96,152.47
109,1359,111253,116881800,673,5.18,2.29,543,4.18,1.71,1051,8.08,5.6,0.9,0.91,0.45,0.4,55.15,157.39
110,1204,26453,16692507,612,4.57,1.73,611,4.56,1.75,860,6.42,2.46,0.88,0.88,0.51,0.49,53.59,160.25
111,874,17971,4782517,486,3.8,1.77,484,3.78,1.79,737,5.76,2.58,0.9,0.9,0.5,0.45,73.8,149.91
112,1562,49799,29663701,565,4.35,1.85,492,3.78,1.49,1269,9.76,8.48,0.91,0.92,0.47,0.44,48.9,153.62
113,2424,215843,216405104,769,5.92,3.42,503,3.87,1.44,1804,13.88,12.81,0.88,0.89,0.46,0.42,62.7,137.89
114,2200,88134,67336786,772,5.8,3.88,509,3.83,1.48,1766,13.28,11.63,0.9,0.9,0.46,0.39,54.35,141.62
115,1025,29971,20180764,302,3.36,1.79,222,2.47,1.23,805,8.94,6.59,0.91,0.92,0.49,0.39,46.04,125.22
116,1487,237465,250393801,389,5.98,3.12,201,3.09,1.52,1144,17.6,12.17,0.87,0.86,0.44,0.34,55.77,124.74
119,1705,129018,129635278,556,6.18,3.35,272,3.02,1.56,1301,14.46,10.7,0.89,0.86,0.46,0.34,57.33,132.52
120,3166,184945,126505117,622,5.27,2.86,361,3.06,1.34,1764,14.95,14.36,0.95,0.95,0.5,0.42,59.87,135.36
121,1893,83770,63974438,618,4.87,2.28,379,2.98,1.2,1551,12.21,8.96,0.94,0.94,0.49,0.4,53.51,133.14
122,1969,281390,199940676,569,4.78,2.86,430,3.61,1.44,1569,13.18,12.32,0.91,0.92,0.51,0.43,49.61,134.27
123,1566,115006,117725351,540,4.0,1.75,410,3.04,1.25,1215,9.0,8.37,0.95,0.94,0.49,0.38,52.16,135.84
124,569,5015,1980620,352,3.17,1.29,337,3.04,1.29,504,4.54,1.93,0.98,0.98,0.53,0.41,42.09,137.65
125,661,6300,3362855,376,3.27,1.55,367,3.19,1.47,525,4.57,1.98,0.96,0.96,0.54,0.45,45.44,148.74
126,1496,1376203,1251145261,575,4.83,2.15,475,3.99,1.37,1176,9.88,7.87,0.93,0.93,0.43,0.38,41.11,159.2
127,1439,94687,102278101,566,4.35,2.0,455,3.5,1.33,1052,8.09,6.98,0.9,0.89,0.43,0.37,49.93,159.54
128,1685,82343,67303313,623,4.91,2.29,478,3.76,1.48,1335,10.51,7.32,0.92,0.93,0.45,0.44,48.13,146.37
129,1360,61773,51344749,574,4.42,2.81,386,2.97,1.47,1125,8.65,7.0,0.9,0.91,0.51,0.46,74.48,128.81
130,939,47439,42415191,436,3.35,1.61,388,2.98,1.47,819,6.3,4.54,0.92,0.93,0.5,0.47,55.83,136.87
131,625,10930,5260394,401,3.18,1.48,389,3.09,1.31,546,4.33,1.86,0.93,0.94,0.53,0.5,56.59,139.46
132,994,100869,105490726,432,3.38,1.67,386,3.02,1.46,794,6.2,6.34,0.94,0.94,0.49,0.44,72.36,133.99
133,1189,36055,25932028,511,3.84,1.93,406,3.05,1.2,939,7.06,4.93,0.9,0.92,0.49,0.41,56.51,132.5
134,1077,37330,24163449,476,3.75,2.66,324,2.55,1.26,902,7.1,6.04,0.88,0.9,0.52,0.45,68.99,129.56
135,1414,58201,37770069,597,4.39,2.55,359,2.64,1.34,1165,8.57,6.71,0.86,0.86,0.49,0.43,71.99,126.57
136,1333,66406,55172241,565,4.09,2.77,358,2.59,1.39,1065,7.72,6.61,0.91,0.9,0.51,0.44,85.59,129.0
137,1794,87748,64418695,628,4.49,1.96,470,3.36,1.59,1473,10.52,8.26,0.87,0.82,0.49,0.41,59.53,136.16
138,1801,38046,27975578,627,4.48,1.95,487,3.48,1.65,1044,7.46,3.58,0.87,0.78,0.46,0.35,27.54,138.62
139,1146,70221,66952790,589,4.27,2.14,408,2.96,1.34,1008,7.3,4.79,0.87,0.81,0.48,0.4,23.42,133.37
140,1394,92065,84442630,509,3.92,1.65,378,2.91,1.36,1126,8.66,7.01,0.87,0.83,0.49,0.42,52.89,129.26
141,1332,113757,107720879,575,4.29,2.22,390,2.91,1.27,1118,8.34,6.78,0.92,0.91,0.5,0.45,64.63,136.14
142,2061,169368,191307716,619,4.76,2.35,419,3.22,1.39,1450,11.15,10.37,0.92,0.92,0.45,0.39,44.45,141.18
143,1629,79887,61965576,651,4.89,3.25,427,3.21,1.58,1298,9.76,8.19,0.89,0.89,0.5,0.43,47.08,133.84
144,1262,64390,61332007,501,4.01,1.8,390,3.12,1.31,1044,8.35,6.56,0.93,0.94,0.48,0.42,51.13,136.33
145,576,23286,23287606,335,2.75,1.26,309,2.53,1.26,492,4.03,1.98,0.91,0.91,0.5,0.44,59.6,139.1
146,810,10629,3680604,502,3.83,1.69,465,3.55,1.43,716,5.47,2.25,0.92,0.92,0.49,0.43,46.46,145.66
147,1207,53580,44987579,544,4.18,2.4,407,3.13,1.38,1015,7.81,6.31,0.93,0.93,0.48,0.44,65.85,141.26
148,2083,274236,272553674,691,5.01,2.96,403,2.92,1.46,1495,10.83,8.68,0.92,0.92,0.48,0.39,64.06,135.04
149,1430,58175,43965137,604,4.54,2.93,386,2.9,1.48,1129,8.49,6.94,0.9,0.91,0.45,0.4,72.6,136.56
150,1670,85157,75138472,653,4.8,3.14,441,3.24,1.49,1296,9.53,8.62,0.87,0.87,0.48,0.45,65.49,135.04
151,1714,130639,111395657,715,5.63,3.93,442,3.48,1.54,1414,11.13,10.77,0.85,0.85,0.5,0.44,67.46,141.41
152,920,14879,4468394,554,4.07,1.75,472,3.47,1.46,808,5.94,2.66,0.91,0.91,0.48,0.42,64.95,140.63
153,1185,111339,97877742,531,4.02,2.16,454,3.44,1.7,986,7.47,7.13,0.92,0.93,0.49,0.43,66.22,139.8
154,1484,340857,310924025,523,4.12,2.45,366,2.88,1.19,1134,8.93,9.05,0.85,0.85,0.47,0.42,79.24,133.87
155,2369,221973,234752399,735,5.49,3.26,451,3.37,1.71,1787,13.34,12.03,0.9,0.91,0.48,0.38,62.6,131.41
156,4324,564879,525346428,990,7.44,3.15,697,5.24,1.96,2394,18.0,13.48,0.89,0.89,0.42,0.4,38.41,168.18
157,4263,99010,80513545,873,6.56,4.2,585,4.4,2.05,1934,14.54,15.09,0.93,0.92,0.42,0.4,29.89,173.99
158,2830,307309,317762775,933,6.91,4.03,606,4.49,2.08,2078,15.39,13.97,0.88,0.84,0.43,0.37,58.43,136.23
159,1140,48737,35282000,626,4.6,1.9,505,3.71,1.73,972,7.15,4.51,0.88,0.81,0.5,0.43,64.37,137.16
160,1355,61278,57316881,667,5.13,2.38,533,4.1,1.99,1098,8.45,6.16,0.89,0.83,0.48,0.42,58.64,140.91
161,2161,111671,106059537,888,6.48,3.38,556,4.06,1.64,1744,12.73,10.3,0.91,0.88,0.44,0.37,46.8,142.32
162,2799,143807,122223826,950,6.79,2.9,634,4.53,1.81,2025,14.46,10.7,0.92,0.89,0.46,0.41,49.23,138.62
163,1730,81484,68032346,725,5.18,2.67,556,3.97,1.74,1468,10.49,7.97,0.91,0.91,0.49,0.46,54.28,138.2
164,1297,36857,25861672,664,4.99,1.89,530,3.98,1.78,1146,8.62,4.51,0.93,0.93,0.48,0.42,48.58,141.78
165,1920,92723,70349986,717,5.31,2.36,554,4.1,1.78,1337,9.9,7.03,0.89,0.9,0.46,0.42,56.49,150.75
166,852,27142,21613424,446,3.81,1.31,538,4.6,2.16,644,5.5,2.29,0.88,0.88,0.52,0.5,41.33,175.84
167,1267,37764,18981616,562,4.64,2.05,612,5.06,1.74,952,7.87,5.43,0.92,0.91,0.47,0.41,38.18,175.66
168,2023,141228,110140275,667,5.38,3.1,506,4.08,1.4,1434,11.56,8.84,0.93,0.93,0.45,0.36,49.06,145.29
169,1950,110283,102232398,642,4.65,2.5,502,3.64,1.6,1467,10.63,9.94,0.9,0.89,0.48,0.39,52.1,134.81
170,2063,94051,83163222,676,4.9,2.46,520,3.77,1.58,1448,10.49,8.41,0.93,0.94,0.45,0.37,51.68,137.63
171,1793,172980,111124543,586,6.1,3.2,398,4.15,1.98,1317,13.72,9.59,0.91,0.92,0.49,0.43,63.33,133.77
172,276,26475,29570322,97,6.47,2.61,58,3.87,1.73,200,13.33,7.13,0.94,0.97,0.38,0.29,29.1,139.78
173,276,19832,24688629,114,4.07,1.56,126,4.5,1.4,192,6.86,3.82,0.99,0.99,0.42,0.34,25.17,179.11
174,9,16,816,5,2.5,0.71,8,4.0,1.41,8,4.0,1.41,1.0,1.0,0.32,0.34,0.04,169.58
175,330,13481,8781780,201,3.47,1.56,216,3.72,1.55,278,4.79,2.92,0.99,1.0,0.47,0.44,32.08,134.92
176,1995,123635,107832893,672,5.13,3.81,453,3.46,1.49,1572,12.0,13.54,0.94,0.93,0.47,0.4,43.07,131.95
177,2308,100610,82146088,799,5.88,3.57,532,3.91,1.48,1878,13.81,13.15,0.86,0.81,0.47,0.37,43.07,138.92
178,2548,240126,219003307,696,5.57,3.52,463,3.7,1.72,1619,12.95,11.9,0.91,0.89,0.47,0.38,39.35,138.58
179,2044,147870,144170156,668,5.18,3.12,497,3.85,1.64,1488,11.53,10.72,0.95,0.95,0.46,0.37,26.31,141.81
180,1022,78713,90743288,531,4.42,2.15,479,3.99,1.62,809,6.74,5.41,0.99,0.98,0.47,0.38,20.62,146.13
181,523,11185,3428603,361,3.28,1.57,362,3.29,1.61,462,4.2,2.2,0.99,0.99,0.52,0.43,28.22,141.52
182,1608,116432,119355306,535,4.65,2.54,355,3.09,1.64,1259,10.95,9.08,0.95,0.96,0.44,0.36,31.22,138.42
183,2119,311203,293655946,713,5.66,3.3,497,3.94,1.42,1670,13.25,11.73,0.87,0.88,0.46,0.4,46.21,148.61
184,2563,184040,196707213,890,6.31,5.17,571,4.05,1.72,1847,13.1,14.2,0.91,0.91,0.45,0.38,49.77,151.03
185,2131,344426,269921643,713,5.24,2.59,525,3.86,1.58,1701,12.51,11.31,0.89,0.9,0.48,0.42,51.09,147.37
186,2598,164054,177877898,838,6.35,3.95,602,4.56,1.76,1947,14.75,13.87,0.9,0.91,0.46,0.38,49.18,155.03
187,768,30370,23643907,486,3.86,1.45,416,3.3,1.4,683,5.42,2.1,0.87,0.86,0.51,0.44,63.49,148.99
188,732,13116,3688407,479,3.99,1.54,393,3.28,1.46,674,5.62,2.17,0.91,0.91,0.49,0.42,64.3,144.55
189,1756,144555,131165982,681,4.97,2.84,383,2.8,1.38,1444,10.54,8.55,0.9,0.91,0.47,0.41,61.44,133.49
190,1564,277940,293897904,716,5.19,2.81,519,3.76,1.87,1286,9.32,7.26,0.88,0.88,0.47,0.4,56.77,135.77
191,3610,261538,247462641,839,6.31,3.18,536,4.03,1.66,2099,15.78,13.58,0.95,0.95,0.46,0.38,51.8,145.03
192,3050,161459,114385094,852,6.09,2.88,582,4.16,1.54,2061,14.72,10.92,0.9,0.9,0.48,0.4,55.34,144.6
193,2810,160871,151792882,856,6.07,3.91,475,3.37,1.51,2044,14.5,12.94,0.93,0.94,0.47,0.38,58.99,134.24
194,1417,37151,19333305,727,5.19,1.89,593,4.24,1.78,1196,8.54,4.28,0.9,0.91,0.47,0.41,62.75,149.74
195,1159,47495,9064253,698,5.13,1.95,582,4.28,1.63,1042,7.66,2.66,0.92,0.92,0.5,0.42,54.77,156.82
196,2844,284516,307217072,923,6.69,3.85,569,4.12,1.69,2066,14.97,13.31,0.91,0.91,0.45,0.37,54.83,142.58
197,2760,101680,75311192,783,5.72,2.69,518,3.78,1.44,1824,13.31,10.8,0.93,0.93,0.47,0.41,54.86,146.48
198,2564,102441,76320128,851,6.12,3.03,542,3.9,1.47,1955,14.06,11.96,0.92,0.92,0.46,0.39,63.13,140.07
199,2432,200524,159171719,746,5.61,3.13,454,3.41,1.7,1769,13.3,11.33,0.94,0.95,0.48,0.39,52.09,136.09
200,1876,143538,125769268,761,5.51,2.84,523,3.79,1.62,1427,10.34,7.55,0.95,0.94,0.46,0.41,60.24,149.37
201,1282,52164,47240149,620,4.59,2.29,508,3.76,1.62,1086,8.04,5.24,0.89,0.9,0.47,0.42,53.1,145.1
202,902,28900,7754427,535,3.91,1.63,397,2.9,1.44,821,5.99,2.42,0.86,0.87,0.51,0.44,71.68,137.09
203,1463,40272,16043430,576,4.27,2.08,366,2.71,1.23,987,7.31,5.05,0.92,0.91,0.5,0.41,73.87,137.95
204,2749,136130,103567744,772,5.98,3.51,419,3.25,1.4,1972,15.29,12.71,0.9,0.9,0.52,0.45,70.67,131.43
205,1078,26679,13536397,462,3.85,2.15,348,2.9,1.51,854,7.12,6.56,0.91,0.92,0.49,0.43,71.62,136.97
206,2003,193237,198570025,663,4.77,2.79,392,2.82,1.38,1554,11.18,9.3,0.88,0.87,0.47,0.41,72.34,130.53
207,1402,46586,24696503,534,3.99,2.0,383,2.86,1.29,1098,8.19,6.25,0.88,0.89,0.49,0.45,81.3,134.54
208,1020,23291,6972660,504,3.79,1.62,419,3.15,1.56,860,6.47,2.37,0.88,0.88,0.47,0.41,63.95,145.1
209,1073,37209,13383990,496,3.59,1.58,430,3.12,1.44,942,6.83,2.67,0.89,0.9,0.48,0.42,71.74,143.66
210,3631,154188,98196698,976,6.83,3.26,586,4.1,2.11,2758,19.29,14.47,0.84,0.8,0.51,0.48,72.55,122.47
211,3289,419072,369489095,871,6.05,2.66,465,3.23,1.48,2455,17.05,14.0,0.81,0.74,0.45,0.41,79.46,121.48
212,1669,152567,153340852,731,5.08,1.93,449,3.12,1.45,1292,8.97,5.25,0.77,0.68,0.47,0.42,84.31,128.21
213,1546,152304,149726226,623,4.45,2.35,378,2.7,1.34,1261,9.01,6.78,0.86,0.83,0.46,0.42,82.97,130.05
214,1436,60782,55348601,674,4.92,2.25,471,3.44,1.54,1187,8.66,5.72,0.95,0.96,0.46,0.39,64.34,134.56
215,1057,40533,23851361,578,4.16,1.81,433,3.12,1.59,935,6.73,2.49,0.92,0.93,0.46,0.41,67.14,136.03
216,1606,75916,52871635,658,4.77,2.65,440,3.19,1.67,1345,9.75,9.26,0.89,0.9,0.47,0.41,55.52,137.36
217,3238,207815,200325361,936,6.59,3.5,554,3.9,1.99,2363,16.64,13.86,0.9,0.91,0.46,0.38,48.7,127.68
218,2958,445727,438138875,748,5.34,2.76,499,3.56,1.75,2027,14.48,14.02,0.85,0.86,0.45,0.41,61.83,131.27
219,2703,279370,266706137,753,5.23,2.8,531,3.69,1.59,2018,14.01,11.72,0.88,0.88,0.48,0.43,58.85,130.57
220,2543,185317,123555935,761,5.36,2.96,510,3.59,1.5,2046,14.41,11.71,0.92,0.92,0.45,0.38,69.32,127.02
221,1845,243299,240506414,701,4.94,2.74,489,3.44,1.27,1493,10.51,7.74,0.92,0.92,0.46,0.39,50.78,128.68
222,2300,172588,127490782,830,5.8,3.03,576,4.03,1.65,1748,12.22,7.58,0.95,0.95,0.49,0.41,60.56,125.89
223,1244,30624,7943660,609,4.26,1.95,546,3.82,1.65,1076,7.52,2.98,0.89,0.9,0.48,0.44,66.74,134.93
224,1811,57075,39077270,650,4.64,2.42,485,3.46,1.41,1473,10.52,7.64,0.91,0.91,0.46,0.39,69.45,133.02
225,2342,153626,141483994,736,6.03,4.5,387,3.17,1.3,1760,14.43,13.95,0.95,0.96,0.43,0.35,58.05,129.47
226,1451,99471,84960244,601,5.78,4.29,287,2.76,1.3,1138,10.94,9.74,0.94,0.94,0.37,0.32,49.85,126.36
227,673,33832,28097379,299,3.56,2.15,191,2.27,1.18,563,6.7,5.52,0.95,0.94,0.43,0.37,51.09,126.59
228,750,32393,27358745,383,4.45,2.88,227,2.64,1.22,618,7.19,6.29,0.92,0.91,0.43,0.38,50.48,138.89
229,289,12888,5001528,188,3.36,1.07,172,3.07,1.08,223,3.98,1.51,0.96,0.96,0.51,0.47,39.04,167.65
230,480,20874,20001294,284,3.34,1.47,246,2.89,1.31,404,4.75,2.24,0.84,0.85,0.5,0.44,54.06,153.08
231,1201,52367,46906588,513,5.03,4.06,280,2.75,1.47,1008,9.88,9.91,0.86,0.87,0.45,0.4,53.29,126.87
232,864,45420,33815887,436,4.0,2.64,305,2.8,1.33,745,6.83,5.23,0.9,0.91,0.46,0.39,62.2,130.23
233,1154,70703,51929351,471,4.44,2.95,269,2.54,1.28,981,9.25,7.85,0.87,0.87,0.46,0.38,66.13,126.8
234,999,62339,52817995,423,4.27,2.91,248,2.51,1.13,876,8.85,7.83,0.83,0.84,0.42,0.39,64.9,127.36
235,1337,181742,193137304,529,5.09,3.31,298,2.87,1.11,1064,10.23,8.52,0.87,0.88,0.4,0.34,52.62,128.13
236,402,8561,4662151,278,2.99,1.16,248,2.67,1.17,375,4.03,1.58,0.83,0.84,0.45,0.44,40.39,135.77
237,493,24946,20944658,273,2.76,1.42,248,2.51,1.23,414,4.18,2.65,0.91,0.92,0.51,0.48,53.17,138.28
238,1123,37876,27817549,485,4.95,3.37,244,2.49,1.15,947,9.66,8.33,0.9,0.9,0.42,0.37,43.49,130.14
239,1098,60688,55036719,549,4.65,2.23,378,3.2,1.51,963,8.16,4.25,0.9,0.89,0.39,0.31,45.76,125.74
240,1205,65060,58432190,548,4.72,2.3,404,3.48,1.36,957,8.25,5.56,0.91,0.9,0.44,0.35,38.85,148.14
241,1450,56072,49583511,641,4.93,2.19,497,3.82,1.55,1144,8.8,4.88,0.55,0.51,0.45,0.4,20.56,139.04
242,1854,113278,64315742,709,5.18,2.04,489,3.57,1.53,1507,11.0,6.69,0.56,0.5,0.49,0.45,30.43,124.97
243,1605,88213,65925612,648,4.76,1.95,475,3.49,1.45,1304,9.59,7.48,0.62,0.57,0.48,0.44,40.67,138.5
244,1295,52800,28964335,689,4.85,1.56,526,3.7,1.4,1134,7.99,2.87,0.55,0.48,0.48,0.47,64.06,139.98
245,1257,48928,30980016,618,4.29,1.76,453,3.15,1.51,1109,7.7,4.29,0.51,0.44,0.47,0.46,65.16,131.32
246,1899,295171,232028293,722,5.05,2.86,495,3.46,1.46,1508,10.55,9.07,0.61,0.57,0.47,0.42,51.98,129.27
247,2417,154724,122263111,797,5.57,3.13,482,3.37,1.41,1973,13.8,10.98,0.61,0.58,0.47,0.42,50.2,129.21
248,1605,60279,39553178,708,4.92,2.0,493,3.42,1.5,1389,9.65,5.9,0.55,0.51,0.5,0.47,45.01,136.84
249,2272,230963,219476722,840,5.96,3.48,507,3.6,1.47,1825,12.94,10.66,0.57,0.54,0.47,0.44,52.25,136.96
250,1320,92692,92350179,635,4.41,1.58,559,3.88,1.5,1175,8.16,3.02,0.48,0.45,0.47,0.45,42.92,137.45
251,1788,103532,94549247,701,4.9,2.3,518,3.62,1.59,1499,10.48,7.68,0.52,0.5,0.46,0.44,46.17,138.11
252,2450,127843,96569408,837,5.85,3.34,528,3.69,1.52,2040,14.27,11.92,0.58,0.55,0.44,0.42,48.76,131.63
253,1464,75852,65122184,630,4.67,2.67,431,3.19,1.41,1240,9.19,7.16,0.67,0.64,0.46,0.45,57.35,137.79
254,1302,94000,59849415,605,4.55,2.49,412,3.1,1.42,1100,8.27,7.18,0.53,0.49,0.47,0.44,54.52,138.28
255,1349,42626,30806917,653,4.57,1.84,568,3.97,1.8,1210,8.46,4.35,0.5,0.46,0.48,0.47,49.28,146.15
256,1452,58664,28021366,713,4.99,2.14,523,3.66,1.57,1308,9.15,5.12,0.57,0.53,0.49,0.48,54.29,141.14
257,1141,47877,12773434,581,4.03,1.42,507,3.52,1.53,1044,7.25,2.34,0.43,0.4,0.48,0.47,38.8,136.12
258,1451,45076,16190012,621,4.34,2.0,528,3.69,1.62,1199,8.38,5.32,0.48,0.46,0.49,0.46,46.15,134.53
259,2381,149142,111484129,745,5.17,2.71,504,3.5,1.43,1947,13.52,10.8,0.53,0.53,0.48,0.44,50.34,131.36
260,2793,140704,94737816,836,5.85,3.52,528,3.69,1.58,2289,16.01,14.94,0.55,0.53,0.48,0.44,51.02,129.4
261,2711,126638,91002869,892,6.19,3.58,582,4.04,1.56,2204,15.31,13.88,0.59,0.57,0.49,0.46,46.87,134.39
262,3244,214267,145425991,912,6.56,3.43,561,4.04,1.56,2548,18.33,16.16,0.58,0.56,0.46,0.41,44.2,136.94
263,1813,73359,45651747,793,5.71,2.48,602,4.33,1.61,1495,10.76,6.72,0.57,0.54,0.49,0.46,47.53,149.67
264,1282,54792,35635754,626,4.47,1.77,536,3.83,1.53,1097,7.84,4.59,0.47,0.43,0.48,0.47,45.49,150.83
265,1437,54069,28804366,681,4.76,2.03,542,3.79,1.73,1243,8.69,5.01,0.5,0.46,0.48,0.46,46.84,141.63
266,2391,208203,174407412,764,5.31,3.08,494,3.43,1.47,1887,13.1,12.28,0.51,0.5,0.47,0.45,47.03,132.27
267,2063,151580,136615627,753,5.3,2.97,528,3.72,1.54,1701,11.98,11.21,0.57,0.54,0.48,0.46,46.67,134.24
268,1794,93647,65623541,670,4.72,2.3,476,3.35,1.51,1501,10.57,7.25,0.45,0.42,0.45,0.4,45.41,130.12
269,1971,272698,274244229,687,4.8,2.23,542,3.79,1.65,1618,11.31,8.63,0.42,0.39,0.44,0.43,41.64,137.67
270,1261,83094,60406702,562,3.96,1.8,511,3.6,1.52,1080,7.61,3.68,0.34,0.3,0.47,0.46,40.99,138.55
271,1153,42651,31494286,554,3.96,1.36,546,3.9,1.41,994,7.1,2.13,0.33,0.28,0.47,0.48,38.23,141.84
272,1065,27066,15755707,572,4.18,1.34,556,4.06,1.46,862,6.29,2.13,0.43,0.39,0.48,0.48,28.97,161.08
273,2048,99279,75614244,739,5.24,3.08,494,3.5,1.62,1575,11.17,9.53,0.52,0.46,0.48,0.47,52.0,134.07
274,1957,126170,113611509,741,5.15,2.64,473,3.28,1.42,1586,11.01,9.3,0.48,0.44,0.46,0.43,49.78,125.66
275,1970,317516,323183505,764,5.38,2.78,517,3.64,1.59,1527,10.75,7.41,0.51,0.48,0.47,0.44,42.14,131.12
276,1846,139393,147865376,655,4.65,1.89,519,3.68,1.73,1426,10.11,7.49,0.51,0.46,0.46,0.44,39.03,133.56
277,1617,57591,34396937,711,4.94,1.87,551,3.83,1.67,1395,9.69,5.36,0.45,0.41,0.48,0.46,39.97,132.71
278,1416,32007,13745555,710,5.07,1.7,539,3.85,1.55,1268,9.06,2.91,0.46,0.41,0.47,0.46,41.73,133.51
279,1247,25889,8853652,636,4.85,1.58,519,3.96,1.58,1120,8.55,2.67,0.51,0.45,0.48,0.46,41.28,133.91
