id_time,n_flows,n_packets,n_bytes,sum_n_dest_asn,average_n_dest_asn,std_n_dest_asn,sum_n_dest_ports,average_n_dest_ports,std_n_dest_ports,sum_n_dest_ip,average_n_dest_ip,std_n_dest_ip,tcp_udp_ratio_packets,tcp_udp_ratio_bytes,dir_ratio_packets,dir_ratio_bytes,avg_duration,avg_ttl
0,667,974,50225,533,4.26,1.88,597,4.78,2.23,614,4.91,2.31,0.91,0.84,0.42,0.42,0.38,163.7
1,539,959,181061,458,3.85,1.72,493,4.14,2.04,507,4.26,2.08,0.87,0.83,0.46,0.45,0.88,152.22
2,9261,14303,594216,527,4.32,1.9,613,5.02,2.98,583,4.78,2.21,0.87,0.8,0.49,0.5,0.55,148.61
3,593,4254,3518098,507,3.93,1.85,542,4.2,2.07,554,4.29,2.16,0.93,0.89,0.49,0.5,1.6,157.23
4,898,1338,72507,621,5.01,2.03,684,5.52,2.15,754,6.08,2.56,0.81,0.75,0.39,0.4,1.24,168.34
5,810,1163,72823,602,4.56,1.65,657,4.98,1.8,692,5.24,1.99,0.85,0.79,0.41,0.43,0.72,161.06
6,817,1372,84373,620,4.53,1.81,700,5.11,2.24,756,5.52,2.5,0.85,0.78,0.44,0.45,1.13,149.37
7,598,922,46477,510,3.83,1.61,543,4.08,1.79,566,4.26,2.0,0.88,0.84,0.49,0.51,0.92,156.53
8,895,1261,64814,552,4.21,1.58,648,4.95,2.12,713,5.44,2.64,0.84,0.79,0.37,0.37,1.1,170.68
9,1072,1400,71441,602,4.49,1.53,751,5.6,1.82,798,5.96,2.21,0.88,0.82,0.33,0.33,0.64,188.71
10,861,1108,48836,514,4.15,1.56,655,5.28,2.27,650,5.24,2.21,0.96,0.94,0.34,0.35,0.39,190.7
11,940,1244,57575,637,4.9,1.76,719,5.53,2.09,728,5.6,2.1,0.92,0.88,0.33,0.34,0.5,188.13
12,835,1311,194172,574,4.45,1.55,646,5.01,1.85,648,5.02,1.89,0.92,0.89,0.37,0.38,1.44,178.38
13,7227,8840,362710,520,4.19,1.89,567,4.57,2.16,568,4.58,2.11,0.93,0.89,0.45,0.46,0.27,161.88
14,639,937,53113,507,4.12,1.88,561,4.56,2.12,569,4.63,2.21,0.91,0.87,0.43,0.44,0.31,161.97
15,611,969,50713,479,3.57,1.53,528,3.94,1.67,567,4.23,1.93,0.85,0.8,0.45,0.47,0.82,151.89
16,728,1103,59506,542,4.3,1.83,626,4.97,2.34,657,5.21,2.5,0.89,0.84,0.45,0.45,0.7,161.25
17,656,988,59169,519,4.09,1.62,592,4.66,1.91,613,4.83,2.09,0.89,0.85,0.46,0.46,0.5,158.28
18,594,936,45798,498,3.89,1.62,554,4.33,1.86,558,4.36,1.84,0.91,0.87,0.51,0.52,0.53,152.11
19,720,1195,69820,615,4.56,2.09,664,4.92,2.31,679,5.03,2.48,0.89,0.84,0.47,0.48,0.64,148.17
20,712,1098,59740,604,4.68,1.88,660,5.12,2.1,670,5.19,2.1,0.9,0.84,0.43,0.45,0.49,152.5
21,709,1257,77466,550,4.1,1.71,619,4.62,2.0,623,4.65,2.05,0.89,0.85,0.45,0.45,0.79,162.63
22,677,1101,63696,517,3.86,1.7,583,4.35,1.94,617,4.6,2.27,0.87,0.83,0.48,0.48,0.82,152.57
23,646,1053,63850,533,4.07,1.66,592,4.52,1.93,606,4.63,2.01,0.89,0.83,0.47,0.48,0.53,153.6
24,547,801,38625,456,3.68,1.64,506,4.08,1.9,521,4.2,2.03,0.88,0.84,0.52,0.52,0.51,150.76
25,637,961,49843,504,4.03,1.93,552,4.42,2.02,593,4.74,2.36,0.86,0.8,0.45,0.44,0.82,148.65
26,686,1133,182019,538,4.11,1.78,615,4.69,2.01,634,4.84,2.1,0.89,0.85,0.43,0.43,0.8,155.61
27,5188,8017,342040,597,4.33,1.95,650,4.71,2.17,689,4.99,2.54,0.95,0.92,0.37,0.38,0.17,179.83
28,599,941,47424,503,3.93,1.77,553,4.32,1.89,569,4.45,2.05,0.88,0.84,0.5,0.5,0.63,152.65
29,6658,10140,567061,710,4.93,1.91,752,5.22,2.15,782,5.43,2.26,0.98,0.96,0.37,0.37,0.05,179.3
30,708,1093,64402,532,4.12,1.69,588,4.56,2.0,600,4.65,2.03,0.9,0.85,0.47,0.47,0.22,154.67
31,2893,5480,282558,531,4.21,1.7,2754,21.86,191.94,598,4.75,2.07,0.89,0.86,0.44,0.45,0.2,157.92
32,669,1159,190349,533,4.13,1.56,600,4.65,1.89,604,4.68,1.92,0.93,0.9,0.45,0.47,0.27,163.33
33,728,1074,52905,592,4.48,1.9,657,4.98,2.11,670,5.08,2.18,0.91,0.87,0.44,0.44,0.21,157.7
34,729,1051,56526,573,4.34,1.67,627,4.75,2.07,664,5.03,2.18,0.83,0.78,0.47,0.47,0.35,150.17
35,613,929,49550,509,3.98,1.77,562,4.39,2.17,575,4.49,2.18,0.88,0.83,0.48,0.49,0.37,154.45
36,588,935,54294,495,3.75,1.8,541,4.1,1.97,549,4.16,2.07,0.89,0.85,0.44,0.45,0.14,154.86
37,614,1615,184724,505,4.04,1.84,541,4.33,2.0,555,4.44,2.07,0.89,0.86,0.47,0.47,0.37,154.17
38,705,1318,210533,564,4.37,1.87,614,4.76,2.16,649,5.03,2.25,0.8,0.74,0.43,0.45,0.4,151.89
39,1910,5675,272815,655,4.75,1.83,1751,12.69,88.37,765,5.54,2.18,0.8,0.75,0.41,0.42,0.46,151.91
40,644,988,55855,536,4.29,1.85,567,4.54,2.2,590,4.72,2.27,0.87,0.83,0.47,0.48,0.35,154.03
41,619,1055,169426,511,4.02,1.85,555,4.37,2.04,579,4.56,2.36,0.91,0.89,0.46,0.47,0.13,147.0
42,674,1371,441995,502,4.02,1.76,520,4.16,1.78,561,4.49,2.2,0.84,0.8,0.41,0.42,0.31,165.63
43,698,1403,91473,551,4.41,1.73,580,4.64,1.89,631,5.05,2.12,0.8,0.73,0.44,0.46,0.69,149.14
44,610,932,46191,505,3.98,1.59,540,4.25,1.8,547,4.31,1.85,0.9,0.86,0.44,0.45,0.22,163.9
45,505,841,47996,423,3.55,1.64,465,3.91,1.97,460,3.87,1.87,0.93,0.9,0.47,0.48,0.71,163.6
46,557,980,163470,485,3.85,1.83,511,4.06,1.99,528,4.19,2.01,0.89,0.84,0.48,0.5,0.19,155.63
47,521,816,49096,433,3.7,1.67,474,4.05,1.9,481,4.11,1.89,0.9,0.86,0.45,0.46,0.7,148.5
48,961,1828,158760,552,4.28,1.57,608,4.71,1.71,643,4.98,2.3,0.9,0.86,0.3,0.31,0.74,193.04
49,730,1048,49128,519,4.05,1.53,557,4.35,1.52,566,4.42,1.59,0.9,0.87,0.39,0.39,0.55,178.54
50,818,3396,122597,617,4.5,1.7,651,4.75,1.95,680,4.96,2.09,0.88,0.82,0.38,0.38,0.43,173.3
51,742,1224,64432,596,4.45,1.96,659,4.92,2.19,695,5.19,2.44,0.86,0.82,0.44,0.45,0.9,159.2
52,683,985,46239,514,4.18,1.7,560,4.55,1.94,556,4.52,1.9,0.93,0.9,0.38,0.39,0.13,173.71
53,650,896,51080,491,4.02,1.82,539,4.42,2.17,560,4.59,2.35,0.85,0.8,0.44,0.45,0.09,166.52
54,666,976,61618,494,4.45,1.84,536,4.83,1.96,555,5.0,2.08,0.88,0.82,0.34,0.37,0.64,180.59
55,788,1091,56517,539,4.49,1.73,582,4.85,1.94,592,4.93,1.99,0.88,0.82,0.34,0.37,0.48,179.72
56,742,18725,2166530,532,4.36,1.71,572,4.69,1.95,637,5.22,2.44,0.78,0.72,0.4,0.42,1.08,167.14
57,804,24696,2194392,556,4.56,1.61,594,4.87,1.87,633,5.19,2.0,0.78,0.71,0.38,0.4,1.64,176.19
58,696,6295,206928,522,4.28,1.73,543,4.45,1.9,562,4.61,1.94,0.86,0.81,0.37,0.38,0.27,175.44
59,655,866,43789,484,4.03,1.69,501,4.18,1.79,510,4.25,1.87,0.9,0.86,0.35,0.36,0.19,177.31
60,740,1030,56440,524,4.26,1.69,547,4.45,1.84,602,4.89,2.35,0.85,0.79,0.41,0.41,0.25,159.88
61,960,1340,74215,613,4.94,1.78,645,5.2,2.06,703,5.67,2.39,0.83,0.76,0.34,0.37,0.15,173.56
62,665,4957,168731,529,4.13,1.69,577,4.51,1.97,610,4.77,2.21,0.82,0.78,0.44,0.44,0.48,145.63
63,758,6773,218241,536,4.36,1.62,568,4.62,1.76,582,4.73,1.83,0.9,0.86,0.37,0.38,1.05,172.59
64,772,19782,2696102,569,4.31,1.65,613,4.64,1.85,631,4.78,1.93,0.91,0.87,0.41,0.43,1.8,166.92
65,595,15420,2443893,487,3.93,1.76,545,4.4,1.96,546,4.4,2.13,0.85,0.81,0.48,0.49,2.26,150.68
66,689,9254,304243,551,4.21,1.81,575,4.39,1.94,638,4.87,2.7,0.83,0.79,0.46,0.47,0.53,150.03
67,605,16044,1599988,500,3.91,1.52,536,4.19,1.79,553,4.32,1.94,0.88,0.84,0.45,0.45,0.83,156.7
68,751,1168,70890,621,4.53,1.84,660,4.82,1.9,717,5.23,2.37,0.88,0.83,0.39,0.39,0.29,163.27
69,717,1177,188977,567,4.54,1.87,587,4.7,1.96,649,5.19,2.61,0.85,0.8,0.42,0.43,0.22,168.94
70,683,1249,198580,569,4.31,1.8,602,4.56,2.09,625,4.73,2.22,0.87,0.83,0.45,0.46,0.24,156.84
71,529,813,42624,438,3.78,1.62,470,4.05,1.66,487,4.2,2.05,0.91,0.88,0.43,0.43,0.23,163.42
72,553,894,49333,462,3.76,1.96,488,3.97,2.14,507,4.12,2.2,0.87,0.84,0.51,0.51,0.49,147.6
73,639,929,52946,541,4.43,1.95,581,4.76,2.24,587,4.81,2.28,0.9,0.87,0.46,0.46,0.16,161.51
74,760,1147,73489,596,4.66,2.09,643,5.02,2.28,675,5.27,2.6,0.86,0.82,0.41,0.42,0.31,168.2
75,606,846,44331,508,4.62,1.69,539,4.9,1.88,567,5.15,2.11,0.84,0.77,0.41,0.43,0.12,167.39
76,560,835,49633,477,4.26,1.8,516,4.61,2.1,530,4.73,2.22,0.88,0.84,0.45,0.45,0.12,152.07
77,801,1201,69193,637,4.94,1.88,692,5.36,2.06,735,5.7,2.25,0.87,0.82,0.42,0.43,0.34,163.0
78,839,1417,215609,645,4.71,1.84,684,4.99,1.97,746,5.45,2.52,0.83,0.76,0.42,0.44,0.46,155.19
79,677,1058,66072,546,4.23,1.74,601,4.66,2.0,621,4.81,2.14,0.91,0.87,0.41,0.41,0.43,170.54
80,616,1502,69958,515,4.15,1.8,562,4.53,2.09,570,4.6,2.14,0.92,0.88,0.49,0.49,7.65,153.07
81,568,909,49691,487,3.83,2.06,509,4.01,2.07,535,4.21,2.32,0.87,0.82,0.47,0.48,0.36,146.42
82,652,971,53970,537,4.07,1.85,574,4.35,2.04,618,4.68,2.54,0.82,0.76,0.45,0.44,0.21,145.19
83,568,972,66803,470,3.76,1.74,484,3.87,1.77,530,4.24,2.01,0.81,0.74,0.47,0.47,0.81,144.78
84,633,1001,51481,533,4.2,1.65,568,4.47,1.89,575,4.53,1.89,0.91,0.87,0.4,0.42,0.35,168.46
85,664,829,41369,503,4.12,1.59,515,4.22,1.74,528,4.33,1.76,0.89,0.84,0.35,0.36,0.15,176.54
86,672,981,52358,500,4.2,1.71,521,4.38,1.86,547,4.6,2.04,0.86,0.79,0.39,0.4,0.2,175.68
87,663,969,55121,489,3.82,1.62,510,3.98,1.78,552,4.31,2.11,0.82,0.77,0.41,0.41,0.23,171.11
88,671,994,50901,511,4.41,1.38,523,4.51,1.53,561,4.84,1.92,0.87,0.83,0.4,0.4,0.59,171.98
89,712,952,45779,534,4.17,1.74,564,4.41,1.85,559,4.37,1.89,0.91,0.88,0.38,0.39,0.1,173.16
90,516,789,43733,410,3.6,1.39,422,3.7,1.46,460,4.04,1.69,0.83,0.78,0.47,0.49,0.17,156.34
91,439,647,34850,372,3.54,1.62,408,3.89,1.94,401,3.82,1.9,0.89,0.86,0.44,0.43,0.18,150.91
92,414,673,45063,352,3.63,1.6,370,3.81,1.67,380,3.92,1.79,0.86,0.8,0.43,0.43,0.77,160.19
93,608,1114,64685,503,4.37,1.96,532,4.63,2.18,556,4.83,2.39,0.87,0.83,0.38,0.39,1.02,170.78
94,615,1278,189924,502,4.05,1.6,546,4.4,1.73,540,4.35,1.75,0.93,0.9,0.36,0.37,1.38,175.09
95,647,1203,55514,546,4.3,1.77,574,4.52,1.95,574,4.52,1.96,0.91,0.87,0.36,0.36,1.61,176.66
96,726,1288,68938,591,4.58,1.71,639,4.95,1.95,653,5.06,2.02,0.9,0.86,0.34,0.35,1.46,173.75
97,629,1892,1002036,492,4.17,1.53,569,4.82,2.89,539,4.57,1.81,0.94,0.91,0.33,0.34,1.28,176.97
98,465,874,40098,392,3.53,1.44,422,3.8,1.61,412,3.71,1.55,0.95,0.92,0.36,0.38,1.53,175.06
99,613,1097,54758,482,3.8,1.66,514,4.05,1.81,528,4.16,1.9,0.87,0.83,0.44,0.44,0.92,165.31
100,529,5972,884101,441,3.59,1.48,467,3.8,1.66,462,3.76,1.66,0.92,0.89,0.44,0.45,0.8,169.86
101,453,711,46193,380,3.52,1.6,403,3.73,1.79,418,3.87,1.95,0.85,0.81,0.51,0.52,0.35,158.96
102,753,1164,57908,430,3.68,1.42,623,5.32,2.84,554,4.74,1.81,0.86,0.81,0.36,0.36,0.54,180.11
103,919,2114,93386,510,4.11,1.44,702,5.66,1.94,679,5.48,1.78,0.93,0.9,0.32,0.33,0.59,196.23
104,917,1227,58429,515,4.15,1.5,688,5.55,2.01,683,5.51,2.03,0.91,0.86,0.32,0.33,0.67,192.8
105,571,772,39820,427,3.59,1.49,504,4.24,1.87,489,4.11,1.78,0.88,0.84,0.43,0.44,0.09,170.95
106,355,530,26802,322,3.13,1.38,339,3.29,1.6,335,3.25,1.55,0.9,0.88,0.49,0.49,0.2,157.73
107,477,876,55289,384,3.52,1.3,417,3.83,1.74,423,3.88,1.48,0.82,0.77,0.44,0.45,0.52,164.2
108,485,1003,182414,398,3.83,1.76,430,4.13,1.96,440,4.23,2.11,0.9,0.85,0.4,0.41,1.59,164.52
109,561,1115,166832,452,4.19,1.61,473,4.38,1.84,482,4.46,1.86,0.91,0.87,0.33,0.35,1.53,173.94
110,690,1061,63326,557,4.46,1.79,597,4.78,1.97,619,4.95,2.1,0.85,0.8,0.4,0.4,0.35,163.53
111,598,923,49020,467,3.99,1.96,509,4.35,2.3,517,4.42,2.41,0.88,0.84,0.44,0.46,0.19,160.9
112,591,1007,53637,439,3.54,1.52,453,3.65,1.7,490,3.95,2.04,0.84,0.79,0.42,0.43,1.02,157.35
113,505,980,54414,384,3.49,1.77,406,3.69,1.92,431,3.92,1.98,0.83,0.78,0.43,0.43,1.93,150.19
114,530,1098,61876,396,3.41,1.52,414,3.57,1.61,469,4.04,2.15,0.77,0.71,0.41,0.43,2.71,152.03
115,382,688,154691,337,3.06,1.56,349,3.17,1.65,366,3.33,1.69,0.86,0.83,0.52,0.52,0.33,147.1
116,395,1431,124307,336,2.92,1.59,353,3.07,1.66,369,3.21,1.8,0.86,0.81,0.55,0.55,0.39,145.96
117,493,900,61024,387,3.25,1.5,407,3.42,1.64,470,3.95,2.1,0.72,0.67,0.5,0.5,1.97,129.78
118,464,769,48266,374,3.31,1.62,395,3.5,1.77,435,3.85,1.96,0.74,0.67,0.53,0.54,0.24,129.17
119,456,697,45595,384,3.28,1.55,399,3.41,1.57,429,3.67,1.82,0.83,0.78,0.52,0.53,0.37,142.22
120,387,600,38168,330,3.06,1.45,357,3.31,1.6,364,3.37,1.65,0.9,0.87,0.54,0.55,0.2,149.91
121,353,614,41945,293,2.82,1.3,308,2.96,1.42,333,3.2,1.66,0.78,0.73,0.52,0.51,0.44,136.75
122,540,959,68367,425,3.57,1.86,442,3.71,2.16,495,4.16,2.5,0.8,0.75,0.5,0.49,0.38,141.57
123,464,721,40384,402,3.53,1.63,406,3.56,1.68,445,3.9,2.07,0.8,0.74,0.52,0.51,0.5,134.5
124,417,645,35347,377,3.22,1.63,391,3.34,1.78,406,3.47,1.81,0.85,0.81,0.53,0.53,0.37,140.76
125,425,605,34044,307,3.04,1.54,317,3.14,1.56,336,3.33,1.72,0.77,0.72,0.5,0.5,0.24,150.67
126,764,1027,51116,457,3.72,1.6,485,3.94,1.65,507,4.12,1.77,0.87,0.82,0.44,0.45,0.2,164.81
127,840,1210,59469,420,3.36,1.68,463,3.7,1.85,470,3.76,1.85,0.93,0.87,0.45,0.46,0.35,170.46
128,838,1321,74959,454,3.52,1.59,477,3.7,1.68,529,4.1,2.05,0.84,0.79,0.44,0.44,0.17,160.15
129,379,743,169620,325,2.98,1.55,333,3.06,1.59,355,3.26,1.77,0.79,0.74,0.52,0.51,0.5,144.08
130,393,803,65621,301,2.87,1.39,321,3.06,1.72,363,3.46,1.62,0.78,0.75,0.53,0.52,0.39,131.78
131,364,626,36367,314,2.96,1.49,331,3.12,1.81,344,3.25,1.64,0.82,0.77,0.52,0.53,0.43,134.89
132,452,851,76100,357,3.03,1.35,386,3.27,1.59,425,3.6,1.86,0.77,0.72,0.51,0.5,0.45,135.14
133,395,699,41870,324,2.89,1.52,339,3.03,1.68,376,3.36,2.04,0.81,0.75,0.53,0.52,1.16,135.16
134,513,930,61688,361,2.96,1.33,387,3.17,1.67,447,3.66,2.01,0.71,0.66,0.52,0.52,0.38,125.57
135,402,680,47326,315,2.84,1.37,324,2.92,1.46,364,3.28,1.7,0.79,0.74,0.5,0.5,0.52,142.08
136,396,622,33726,338,3.02,1.77,351,3.13,1.81,353,3.15,1.87,0.9,0.87,0.57,0.58,0.11,148.16
137,483,727,39021,373,3.22,1.44,428,3.69,2.07,430,3.71,2.08,0.89,0.84,0.49,0.5,0.18,158.66
138,441,694,35638,387,3.22,1.52,414,3.45,1.6,416,3.47,1.64,0.87,0.82,0.5,0.5,0.3,140.31
139,435,722,41417,358,3.06,1.41,377,3.22,1.43,412,3.52,1.75,0.79,0.74,0.49,0.5,0.36,143.57
140,453,809,58763,343,2.96,1.42,354,3.05,1.59,434,3.74,2.46,0.65,0.58,0.52,0.5,0.35,129.23
141,554,2965,394456,358,3.06,1.45,355,3.03,1.49,429,3.67,2.17,0.72,0.66,0.54,0.54,0.47,127.63
142,404,2751,117352,346,3.06,1.5,367,3.25,1.7,385,3.41,1.85,0.84,0.8,0.53,0.53,1.0,153.35
143,401,683,37944,335,2.91,1.44,355,3.09,1.52,387,3.37,1.86,0.88,0.84,0.52,0.53,0.19,154.68
144,360,628,37433,312,2.67,1.4,334,2.85,1.52,334,2.85,1.5,0.9,0.87,0.49,0.49,0.42,159.13
145,477,863,60807,389,3.41,1.53,398,3.49,1.78,444,3.89,2.19,0.73,0.66,0.49,0.49,0.43,141.01
146,445,920,173995,387,3.22,1.48,397,3.31,1.52,426,3.55,1.69,0.84,0.79,0.48,0.48,0.47,151.24
147,438,1839,69406,380,3.22,1.67,415,3.52,1.8,415,3.52,1.8,0.9,0.85,0.49,0.49,0.38,155.94
148,384,656,43903,324,2.84,1.48,339,2.97,1.49,371,3.25,1.71,0.78,0.74,0.53,0.53,0.3,139.59
149,462,751,37893,382,3.41,1.82,401,3.58,1.85,405,3.62,1.93,0.89,0.85,0.46,0.46,0.36,159.3
150,411,670,40777,341,3.44,1.6,348,3.52,1.86,395,3.99,2.12,0.76,0.7,0.51,0.51,0.2,144.85
151,460,731,38965,390,3.39,1.62,410,3.57,1.85,428,3.72,2.0,0.91,0.88,0.47,0.46,0.25,156.28
152,443,713,45305,377,2.97,1.61,393,3.09,1.67,417,3.28,1.84,0.87,0.83,0.52,0.52,0.16,154.09
153,465,865,124714,393,3.36,1.66,415,3.55,1.74,429,3.67,1.91,0.83,0.78,0.5,0.49,0.15,137.81
154,404,768,66124,358,3.09,1.59,371,3.2,1.63,387,3.34,1.75,0.84,0.79,0.48,0.49,0.3,137.2
155,460,800,65569,373,3.19,1.55,412,3.52,1.8,440,3.76,2.07,0.91,0.89,0.55,0.55,0.08,148.86
156,625,1114,88353,494,3.86,1.63,588,4.59,2.12,588,4.59,2.1,0.93,0.9,0.43,0.41,1.2,166.72
157,568,1009,81176,425,3.57,1.76,454,3.82,1.94,514,4.32,2.44,0.78,0.73,0.47,0.47,0.35,149.82
158,605,1252,260718,480,4.1,1.79,523,4.47,2.13,579,4.95,2.47,0.87,0.84,0.41,0.43,0.59,165.38
159,602,1032,99812,482,4.23,1.88,533,4.68,2.06,559,4.9,2.39,0.9,0.86,0.43,0.43,0.18,165.05
160,644,1130,95394,477,3.94,1.91,541,4.47,2.39,602,4.98,2.67,0.74,0.68,0.45,0.45,0.45,150.39
161,603,937,62245,489,4.04,2.03,566,4.68,2.34,581,4.8,2.44,0.95,0.93,0.44,0.45,0.16,172.93
162,549,932,69103,432,3.6,1.53,505,4.21,1.89,527,4.39,1.91,0.87,0.82,0.42,0.44,0.18,166.06
163,380,630,53753,332,3.13,1.43,365,3.44,1.74,368,3.47,1.67,0.92,0.9,0.49,0.49,0.28,159.26
164,571,1014,88891,441,3.9,1.61,478,4.23,1.89,547,4.84,2.67,0.82,0.78,0.45,0.47,0.26,162.8
165,588,973,61379,436,3.66,1.77,531,4.46,2.39,518,4.35,2.25,0.93,0.9,0.41,0.43,0.25,181.59
166,858,1327,89850,450,3.6,1.47,650,5.2,2.09,603,4.82,2.11,0.92,0.88,0.35,0.34,0.12,180.66
167,839,1285,78308,439,3.4,1.36,625,4.84,1.84,602,4.67,1.83,0.86,0.8,0.37,0.38,0.64,178.54
168,781,1274,94865,434,3.56,1.51,557,4.57,1.89,568,4.66,2.09,0.86,0.81,0.44,0.43,0.23,165.98
169,576,1151,208989,426,3.8,1.58,495,4.42,1.82,529,4.72,2.09,0.85,0.81,0.4,0.41,0.28,171.5
170,450,945,198215,392,3.44,1.62,411,3.61,1.71,437,3.83,1.94,0.89,0.87,0.48,0.47,0.24,155.75
171,501,901,79721,423,3.78,1.6,457,4.08,1.81,486,4.34,1.88,0.85,0.81,0.42,0.42,0.19,161.79
172,546,949,79573,388,3.37,1.58,437,3.8,1.76,460,4.0,1.87,0.86,0.82,0.45,0.46,0.28,163.22
173,968,1377,86100,407,3.26,1.41,678,5.42,1.73,626,5.01,1.99,0.88,0.82,0.36,0.36,0.13,188.72
174,637,950,63795,370,3.22,1.56,524,4.56,1.92,511,4.45,1.83,0.89,0.85,0.36,0.37,0.09,177.89
175,474,982,220800,405,3.79,1.71,445,4.16,1.89,444,4.15,1.86,0.85,0.81,0.41,0.42,0.32,165.2
176,410,1102,85154,312,3.03,1.63,327,3.17,1.67,383,3.72,2.0,0.79,0.74,0.49,0.48,6.29,144.11
177,402,1194,88805,347,3.21,1.39,364,3.37,1.5,377,3.49,1.62,0.87,0.84,0.5,0.5,14.02,153.36
178,487,1641,113751,379,3.35,1.45,414,3.66,1.67,449,3.97,2.02,0.87,0.85,0.47,0.46,18.64,153.17
179,390,1252,87639,324,2.92,1.42,347,3.13,1.45,365,3.29,1.68,0.87,0.83,0.49,0.49,16.4,150.45
180,477,1755,113377,390,3.42,1.66,422,3.7,1.77,446,3.91,1.96,0.84,0.78,0.48,0.48,24.23,142.76
181,347,1092,80645,281,2.65,1.39,301,2.84,1.57,320,3.02,1.68,0.84,0.82,0.55,0.53,18.96,133.11
182,343,1171,74784,264,2.72,1.4,281,2.9,1.58,327,3.37,1.95,0.73,0.68,0.57,0.56,20.94,137.16
183,643,1657,103480,379,3.51,1.57,396,3.67,1.58,470,4.35,2.35,0.81,0.77,0.45,0.46,13.39,164.2
184,763,7380,6193734,461,3.63,1.56,487,3.83,1.63,547,4.31,2.02,0.84,0.8,0.43,0.44,7.3,161.13
185,447,1137,85217,342,3.32,1.36,385,3.74,1.53,399,3.87,1.63,0.88,0.85,0.5,0.52,8.89,159.84
186,588,1637,130419,475,3.99,1.56,534,4.49,1.79,539,4.53,1.77,0.94,0.91,0.41,0.42,15.27,177.33
187,643,1717,116820,480,4.07,1.77,512,4.34,1.86,579,4.91,2.57,0.82,0.77,0.42,0.44,10.05,153.83
188,602,5585,4111928,494,3.92,1.68,527,4.18,2.13,547,4.34,2.0,0.86,0.82,0.51,0.52,12.17,143.79
189,306,1042,224073,273,2.76,1.36,299,3.02,1.48,297,3.0,1.46,0.92,0.9,0.49,0.49,15.01,152.56
190,439,1307,112169,366,3.18,1.46,400,3.48,1.69,402,3.5,1.65,0.93,0.91,0.44,0.43,20.65,154.7
191,698,2148,135444,397,3.89,1.87,649,6.36,20.27,465,4.56,2.2,0.89,0.86,0.46,0.46,12.31,157.7
192,660,1899,141434,474,4.19,1.73,524,4.64,2.17,621,5.5,2.62,0.8,0.77,0.46,0.46,11.52,150.98
193,489,1673,124025,404,3.28,1.69,433,3.52,1.87,451,3.67,1.98,0.88,0.85,0.43,0.42,17.87,144.64
194,816,8695,6444220,518,4.47,1.94,561,4.84,2.22,733,6.32,3.14,0.7,0.65,0.44,0.44,12.11,138.71
195,721,2161,164614,551,4.55,1.72,604,4.99,1.85,677,5.6,2.24,0.85,0.81,0.41,0.42,16.53,163.76
196,574,1750,135078,421,3.6,1.72,451,3.85,1.87,542,4.63,2.51,0.76,0.72,0.46,0.46,17.89,145.49
197,473,1354,88575,374,3.43,1.66,416,3.82,1.79,445,4.08,2.12,0.87,0.85,0.47,0.48,17.57,163.64
198,569,1540,104694,464,3.74,1.7,485,3.91,1.81,550,4.44,2.17,0.78,0.73,0.49,0.5,13.33,140.31
199,459,1698,123156,371,3.37,1.74,390,3.55,1.82,438,3.98,2.23,0.85,0.82,0.53,0.52,23.62,135.67
200,527,1276,89210,387,3.76,1.5,449,4.36,1.77,488,4.74,2.17,0.83,0.77,0.42,0.45,12.19,161.44
201,459,2035,873628,358,3.38,1.23,398,3.75,1.44,424,4.0,1.57,0.9,0.88,0.48,0.48,15.22,152.92
202,475,1897,261085,353,3.39,1.4,378,3.63,1.67,438,4.21,2.27,0.83,0.81,0.5,0.5,22.52,132.67
203,451,1402,101346,357,3.19,1.57,374,3.34,1.63,424,3.79,2.05,0.78,0.74,0.55,0.57,15.99,136.77
204,386,1115,89535,339,3.39,1.61,351,3.51,1.6,377,3.77,1.84,0.85,0.83,0.54,0.53,12.52,144.03
205,395,1207,97738,335,3.22,1.41,356,3.42,1.43,373,3.59,1.57,0.86,0.83,0.5,0.49,18.79,145.04
206,364,903,93917,312,3.28,1.33,320,3.37,1.38,340,3.58,1.43,0.9,0.86,0.5,0.5,6.11,151.81
207,285,583,55516,243,3.0,1.39,254,3.14,1.5,263,3.25,1.65,0.86,0.83,0.5,0.51,0.35,164.33
208,421,918,97182,326,3.4,1.47,342,3.56,1.71,375,3.91,1.88,0.89,0.88,0.48,0.49,0.8,158.02
209,500,1150,144646,366,3.16,1.28,395,3.41,1.43,458,3.95,1.94,0.82,0.8,0.52,0.52,0.62,152.65
210,408,1258,135519,342,3.17,1.56,371,3.44,1.64,387,3.58,1.7,0.91,0.89,0.51,0.52,15.86,147.77
211,495,1717,123785,397,3.42,1.64,417,3.59,1.88,465,4.01,2.17,0.83,0.8,0.53,0.51,16.89,131.48
212,471,1811,130354,401,3.65,1.65,428,3.89,1.77,449,4.08,1.87,0.88,0.83,0.49,0.46,11.96,133.99
213,443,1391,109339,369,3.15,1.32,406,3.47,1.4,431,3.68,1.57,0.85,0.82,0.48,0.48,8.71,141.41
214,428,1858,139985,366,3.3,1.56,397,3.58,1.59,408,3.68,1.67,0.88,0.85,0.49,0.46,15.71,135.63
215,501,1578,126958,419,3.43,1.63,454,3.72,1.81,478,3.92,1.87,0.86,0.82,0.48,0.48,10.04,129.79
216,446,1664,134740,379,3.51,1.71,418,3.87,1.86,428,3.96,1.95,0.9,0.88,0.48,0.49,16.9,139.06
217,510,1732,142358,408,3.49,1.56,462,3.95,2.4,475,4.06,1.91,0.86,0.85,0.48,0.48,19.61,147.05
218,430,1292,109855,363,3.3,1.4,380,3.45,1.48,411,3.74,1.7,0.86,0.84,0.49,0.49,10.02,142.4
219,503,1493,108773,409,3.33,1.66,428,3.48,1.67,473,3.85,1.91,0.78,0.75,0.51,0.5,6.73,138.25
220,415,1874,140344,341,3.04,1.47,364,3.25,1.56,394,3.52,1.71,0.84,0.82,0.52,0.51,19.52,136.89
221,525,2044,349551,436,3.57,2.0,468,3.84,1.75,500,4.1,2.33,0.87,0.83,0.47,0.47,12.91,134.74
222,477,897,87909,418,3.63,1.58,434,3.77,1.58,461,4.01,1.71,0.89,0.87,0.48,0.48,0.85,139.4
223,523,1166,271551,434,3.84,1.58,480,4.25,1.92,485,4.29,1.85,0.87,0.83,0.42,0.42,0.79,143.52
224,443,861,80382,370,3.36,1.57,405,3.68,1.74,417,3.79,1.74,0.84,0.82,0.46,0.46,0.47,149.67
225,337,778,226797,276,2.85,1.54,295,3.04,1.55,322,3.32,1.7,0.76,0.71,0.46,0.46,0.4,140.86
226,182,338,50763,164,2.48,1.11,177,2.68,1.13,178,2.7,1.12,0.88,0.86,0.44,0.43,0.88,139.0
227,148,289,58402,129,2.26,1.14,141,2.47,1.15,145,2.54,1.23,0.84,0.81,0.45,0.43,0.89,138.93
228,256,397,29721,177,2.53,1.38,192,2.74,1.43,195,2.79,1.46,0.91,0.89,0.39,0.37,0.12,158.94
229,512,834,48767,260,2.45,1.0,282,2.66,1.12,291,2.75,1.3,0.94,0.91,0.32,0.3,0.38,174.09
230,371,927,53622,256,2.72,1.38,273,2.9,1.47,277,2.95,1.59,0.92,0.88,0.42,0.4,11.61,151.01
231,186,424,32080,162,2.38,1.25,178,2.62,1.46,179,2.63,1.33,0.87,0.84,0.49,0.47,15.67,127.65
232,205,363,26136,183,2.35,1.14,201,2.58,1.29,194,2.49,1.24,0.87,0.83,0.52,0.5,1.64,135.17
233,207,555,40272,183,2.32,1.71,176,2.23,1.07,207,2.62,2.08,0.85,0.83,0.49,0.45,11.38,118.75
234,262,597,46754,153,2.12,0.98,161,2.24,1.04,254,3.53,2.6,0.66,0.63,0.47,0.47,6.55,116.38
235,192,366,31260,179,2.52,1.29,187,2.63,1.27,190,2.68,1.25,0.84,0.81,0.48,0.46,5.62,132.76
236,198,331,24890,177,2.46,1.15,187,2.6,1.16,186,2.58,1.14,0.85,0.81,0.44,0.42,2.82,138.29
237,203,5590,5757424,152,2.62,1.64,158,2.72,1.58,183,3.16,2.23,0.82,0.82,0.48,0.45,2.67,131.2
238,157,277,31458,137,2.49,1.07,152,2.76,1.25,151,2.75,1.22,0.94,0.91,0.45,0.41,0.19,137.14
239,303,503,52056,261,2.84,1.42,284,3.09,1.43,298,3.24,1.66,0.86,0.84,0.45,0.42,0.45,139.95
240,462,728,57140,320,3.72,1.68,332,3.86,1.71,372,4.33,2.07,0.77,0.7,0.31,0.29,2.17,144.29
241,608,1036,73068,350,3.3,1.6,416,3.92,1.67,533,5.03,3.46,0.77,0.74,0.39,0.38,1.43,157.5
242,255,539,50378,188,3.08,1.67,217,3.56,1.75,246,4.03,2.51,0.74,0.72,0.53,0.51,0.35,129.79
