id_time,n_flows,n_packets,n_bytes,sum_n_dest_asn,average_n_dest_asn,std_n_dest_asn,sum_n_dest_ports,average_n_dest_ports,std_n_dest_ports,sum_n_dest_ip,average_n_dest_ip,std_n_dest_ip,tcp_udp_ratio_packets,tcp_udp_ratio_bytes,dir_ratio_packets,dir_ratio_bytes,avg_duration,avg_ttl
0,94,111,5026,68,3.24,1.67,65,3.1,1.95,91,4.33,2.18,0.35,0.34,0.34,0.36,1.53,142.61
1,88,120,4749,50,2.78,1.4,53,2.94,1.76,83,4.61,2.17,0.29,0.3,0.37,0.36,4.61,164.96
2,186,214,9397,96,2.91,1.33,101,3.06,1.58,173,5.24,3.39,0.33,0.33,0.4,0.37,3.0,153.64
3,816,1014,40216,340,3.04,1.46,349,3.12,1.62,780,6.96,3.34,0.26,0.28,0.4,0.38,5.83,158.45
4,95,131,5476,62,3.88,1.26,66,4.12,1.5,86,5.38,2.0,0.41,0.43,0.29,0.27,6.4,181.51
5,516,627,24508,235,3.31,1.17,242,3.41,1.45,482,6.79,3.12,0.34,0.36,0.35,0.33,4.05,161.57
6,39,45,2134,28,3.11,0.78,28,3.11,0.78,34,3.78,1.72,0.48,0.42,0.28,0.28,0.66,135.96
7,199,241,9759,99,2.48,1.11,97,2.42,1.08,189,4.72,2.14,0.24,0.25,0.42,0.39,4.69,156.79
8,974,1151,48494,392,3.47,1.49,376,3.33,1.58,796,7.04,4.53,0.35,0.37,0.38,0.36,3.37,173.22
9,655,737,29255,257,3.13,1.11,306,3.73,1.26,514,6.27,2.91,0.51,0.52,0.29,0.27,2.07,193.54
10,102,115,5052,64,4.27,1.58,65,4.33,1.54,83,5.53,1.85,0.59,0.58,0.23,0.22,0.01,197.94
11,526,581,22876,249,3.83,1.29,257,3.95,1.4,404,6.22,2.31,0.54,0.56,0.29,0.27,2.04,191.67
12,50,52,2339,39,4.33,1.41,40,4.44,1.59,42,4.67,1.8,0.63,0.58,0.25,0.25,0.05,169.81
13,115,137,5415,70,3.33,1.11,67,3.19,0.98,114,5.43,2.4,0.39,0.38,0.32,0.33,2.28,173.21
14,534,628,25148,258,2.8,1.34,245,2.66,1.3,504,5.48,2.83,0.26,0.27,0.43,0.41,3.3,160.52
15,663,793,31818,283,3.41,1.46,289,3.48,1.65,628,7.57,4.5,0.29,0.3,0.34,0.31,3.15,180.0
16,197,215,9218,107,3.24,1.23,111,3.36,1.43,186,5.64,3.43,0.41,0.39,0.36,0.38,1.25,161.73
17,442,539,21535,226,3.18,1.17,226,3.18,1.37,423,5.96,2.84,0.33,0.35,0.36,0.35,3.28,167.99
18,71,91,3506,44,2.32,1.49,47,2.47,1.54,65,3.42,2.01,0.28,0.29,0.44,0.42,4.44,148.15
19,354,449,17826,168,3.11,1.38,163,3.02,1.37,334,6.19,3.86,0.32,0.34,0.37,0.35,4.67,155.65
20,1509,1902,73198,490,3.71,1.58,436,3.3,1.51,1435,10.87,4.98,0.18,0.2,0.43,0.41,6.45,159.66
21,947,1196,46237,389,3.27,1.32,346,2.91,1.31,904,7.6,3.92,0.23,0.24,0.38,0.37,3.92,170.73
22,363,486,19910,224,3.29,1.55,221,3.25,1.61,348,5.12,2.59,0.34,0.35,0.38,0.36,5.77,157.69
23,535,714,29308,246,3.04,1.5,224,2.77,1.49,506,6.25,3.8,0.23,0.24,0.41,0.4,3.25,161.16
24,238,347,14224,113,2.63,1.35,117,2.72,1.39,230,5.35,3.16,0.23,0.23,0.4,0.38,5.49,170.31
25,239,326,12953,142,2.9,1.36,135,2.76,1.28,220,4.49,2.73,0.34,0.35,0.38,0.37,4.15,167.14
26,109,157,5978,62,2.82,1.37,63,2.86,1.55,106,4.82,2.87,0.29,0.32,0.46,0.44,4.92,148.17
27,863,1101,42402,374,3.34,1.36,341,3.04,1.27,831,7.42,3.69,0.25,0.27,0.4,0.38,4.44,171.83
28,646,802,31030,305,3.11,1.28,293,2.99,1.22,615,6.28,2.95,0.28,0.3,0.39,0.37,4.06,168.66
29,1384,1812,71303,425,3.2,1.37,381,2.86,1.38,1320,9.92,4.75,0.16,0.17,0.43,0.41,6.56,169.23
30,334,449,17331,158,2.77,1.21,154,2.7,1.24,327,5.74,2.74,0.25,0.26,0.39,0.38,5.19,172.17
31,843,1151,45235,357,3.19,1.44,322,2.88,1.45,819,7.31,4.04,0.22,0.23,0.4,0.38,4.97,172.67
32,803,1098,42561,343,3.04,1.36,319,2.82,1.41,771,6.82,3.57,0.23,0.25,0.42,0.4,6.57,164.26
33,1239,1657,63881,411,3.11,1.37,402,3.05,1.47,1181,8.95,4.52,0.19,0.22,0.41,0.4,9.13,163.69
34,220,277,11173,132,3.14,1.44,134,3.19,1.49,207,4.93,2.72,0.35,0.38,0.41,0.38,7.1,153.07
35,741,924,36409,310,2.77,1.36,307,2.74,1.44,700,6.25,3.14,0.24,0.26,0.41,0.4,5.07,160.61
36,91,99,4369,61,3.21,1.23,63,3.32,1.57,87,4.58,2.69,0.42,0.4,0.39,0.39,1.59,139.65
37,916,1171,45805,350,3.1,1.26,343,3.04,1.4,874,7.73,4.16,0.25,0.27,0.4,0.38,4.62,169.51
38,80,114,4994,47,3.13,1.92,45,3.0,2.07,78,5.2,4.51,0.23,0.22,0.43,0.43,3.09,150.32
39,1089,1460,56141,396,3.25,1.52,368,3.02,1.5,1038,8.51,3.94,0.21,0.23,0.41,0.39,5.95,168.86
40,475,560,22262,216,2.88,1.31,229,3.05,1.46,460,6.13,3.23,0.27,0.28,0.4,0.38,4.85,156.06
41,44,63,2953,36,3.27,2.0,37,3.36,2.16,43,3.91,2.88,0.38,0.37,0.37,0.37,2.04,128.53
42,756,882,33748,304,3.17,1.29,294,3.06,1.19,671,6.99,3.42,0.33,0.35,0.33,0.31,2.48,186.66
43,118,144,5830,71,3.23,1.57,71,3.23,1.41,102,4.64,2.17,0.43,0.45,0.31,0.28,3.5,174.37
44,246,299,11957,142,2.9,1.54,142,2.9,1.58,240,4.9,2.51,0.3,0.31,0.42,0.4,3.87,163.59
45,22,28,1200,13,1.86,0.69,13,1.86,0.69,22,3.14,2.48,0.32,0.31,0.52,0.53,0.0,130.68
46,283,389,15390,131,2.79,1.28,130,2.77,1.32,271,5.77,3.73,0.24,0.25,0.39,0.38,4.02,177.71
47,589,784,30863,245,2.85,1.5,225,2.62,1.55,562,6.53,3.44,0.2,0.21,0.42,0.41,3.68,166.79
48,1152,1363,54981,417,3.79,1.09,390,3.55,1.07,844,7.67,3.19,0.42,0.44,0.3,0.28,2.98,194.17
49,774,924,35865,332,3.29,1.21,328,3.25,1.25,658,6.51,2.98,0.38,0.4,0.31,0.29,2.99,187.13
50,616,717,30956,301,3.38,1.32,303,3.4,1.35,545,6.12,2.66,0.38,0.39,0.32,0.3,3.23,180.98
51,618,872,35285,307,3.89,1.46,293,3.71,1.7,595,7.53,3.15,0.3,0.31,0.36,0.34,6.04,175.13
52,60,70,3719,36,3.6,2.17,38,3.8,2.53,49,4.9,2.73,0.5,0.46,0.34,0.36,0.84,139.91
53,615,768,30080,294,3.46,1.52,286,3.36,1.53,548,6.45,2.97,0.35,0.37,0.33,0.32,3.46,185.42
54,59,69,3171,42,3.5,1.68,45,3.75,1.86,47,3.92,1.88,0.6,0.6,0.31,0.31,0.16,167.41
55,120,140,5753,69,3.83,1.2,72,4.0,1.28,91,5.06,2.51,0.57,0.58,0.23,0.23,0.23,185.55
56,376,463,17975,185,2.98,1.14,192,3.1,1.28,313,5.05,2.21,0.38,0.41,0.35,0.33,3.94,185.3
57,278,383,15665,148,3.7,1.62,139,3.48,1.24,225,5.62,3.21,0.44,0.42,0.29,0.31,3.15,191.24
58,219,290,12669,121,3.27,1.66,118,3.19,1.68,194,5.24,2.28,0.36,0.38,0.32,0.31,5.75,182.52
59,180,231,9571,98,3.63,1.47,99,3.67,1.66,155,5.74,2.9,0.47,0.45,0.29,0.3,3.63,178.66
60,126,153,5964,50,2.94,1.2,48,2.82,1.24,90,5.29,4.43,0.4,0.42,0.41,0.4,1.61,157.39
61,1048,1261,48990,392,3.96,1.54,360,3.64,1.5,825,8.33,4.12,0.39,0.41,0.3,0.28,3.22,190.44
62,611,752,30224,231,3.08,1.21,219,2.92,1.4,592,7.89,3.75,0.23,0.26,0.39,0.37,3.89,164.0
63,346,368,14919,168,3.23,1.15,176,3.38,1.33,271,5.21,2.7,0.49,0.5,0.32,0.31,1.11,179.33
64,660,731,29274,281,3.35,1.23,279,3.32,1.26,540,6.43,2.96,0.39,0.42,0.33,0.31,1.62,174.8
65,993,1218,49160,372,3.05,1.37,342,2.8,1.32,946,7.75,3.85,0.2,0.22,0.4,0.38,4.54,162.98
66,142,182,7176,69,2.56,1.09,69,2.56,1.22,132,4.89,2.74,0.29,0.29,0.42,0.41,1.64,167.8
67,82,97,3983,53,2.65,1.23,54,2.7,1.38,81,4.05,2.52,0.33,0.36,0.39,0.36,4.19,171.51
68,196,234,9133,106,3.03,1.22,105,3.0,1.14,185,5.29,2.86,0.34,0.36,0.34,0.33,1.51,166.26
69,223,271,10737,137,3.7,1.61,134,3.62,1.52,215,5.81,2.58,0.38,0.4,0.3,0.3,1.46,182.79
70,784,971,37403,298,3.1,1.51,285,2.97,1.45,741,7.72,5.44,0.26,0.28,0.4,0.38,2.87,167.52
71,137,202,7751,62,2.95,1.28,62,2.95,1.32,129,6.14,3.57,0.33,0.34,0.35,0.34,7.74,163.45
72,294,419,16318,142,3.3,1.24,137,3.19,1.28,271,6.3,3.24,0.31,0.33,0.38,0.37,3.83,174.72
73,1330,1712,66190,477,3.76,1.56,432,3.4,1.65,1249,9.83,4.57,0.23,0.24,0.39,0.37,4.32,174.67
74,364,422,16890,195,3.55,1.51,191,3.47,1.53,326,5.93,2.73,0.39,0.41,0.33,0.32,5.46,171.4
75,276,357,14517,167,3.48,1.37,155,3.23,1.31,261,5.44,2.44,0.32,0.32,0.35,0.35,3.62,173.42
76,155,218,9322,83,2.68,1.25,80,2.58,1.26,150,4.84,3.05,0.31,0.3,0.41,0.4,6.27,162.51
77,466,594,22771,240,3.87,1.52,235,3.79,1.61,428,6.9,3.32,0.36,0.38,0.32,0.31,2.9,190.27
78,290,367,14646,166,3.25,1.4,164,3.22,1.4,274,5.37,3.01,0.37,0.38,0.32,0.32,3.65,183.5
79,105,156,6772,59,3.69,1.14,63,3.94,1.29,92,5.75,3.34,0.42,0.39,0.33,0.34,1.31,168.38
80,724,965,38212,284,3.02,1.45,265,2.82,1.44,680,7.23,5.33,0.23,0.25,0.43,0.41,4.65,166.3
81,954,1295,54006,343,2.79,1.22,329,2.67,1.22,924,7.51,3.94,0.17,0.19,0.41,0.4,4.93,171.17
82,621,737,29656,279,2.79,1.28,276,2.76,1.33,597,5.97,3.35,0.26,0.27,0.42,0.4,4.11,152.71
83,762,979,39633,317,3.3,1.47,306,3.19,1.42,719,7.49,5.19,0.28,0.29,0.39,0.37,3.65,160.08
84,1013,1328,50631,338,3.02,1.35,315,2.81,1.46,964,8.61,5.09,0.2,0.22,0.43,0.41,6.06,162.16
85,78,97,4161,52,3.47,1.41,50,3.33,1.4,61,4.07,2.25,0.45,0.44,0.34,0.35,1.04,167.48
86,861,1052,40629,344,3.25,1.34,335,3.16,1.34,753,7.1,4.39,0.36,0.39,0.33,0.31,3.73,185.08
87,114,155,5966,60,2.5,1.14,62,2.58,1.21,96,4.0,2.64,0.4,0.41,0.39,0.39,3.32,174.23
88,249,313,12995,142,3.02,1.09,138,2.94,1.05,201,4.28,1.46,0.43,0.43,0.33,0.31,2.97,195.95
89,619,783,31149,288,3.31,1.23,267,3.07,1.2,543,6.24,3.25,0.36,0.39,0.35,0.33,4.31,183.46
90,517,657,26778,264,3.03,1.14,256,2.94,1.1,483,5.55,3.02,0.34,0.36,0.34,0.32,4.14,184.39
91,393,527,20262,199,2.8,1.37,193,2.72,1.36,375,5.28,3.51,0.29,0.32,0.37,0.36,4.46,187.39
92,650,931,37916,279,2.97,1.53,277,2.95,1.61,605,6.44,4.4,0.34,0.36,0.4,0.38,3.39,163.24
93,110,167,6954,63,2.86,1.32,63,2.86,1.42,99,4.5,2.61,0.4,0.41,0.33,0.32,4.31,194.4
94,372,506,22755,217,3.56,1.51,231,3.79,1.82,342,5.61,2.92,0.47,0.5,0.29,0.27,4.01,161.34
95,167,283,11549,97,3.13,1.15,101,3.26,1.34,149,4.81,2.1,0.47,0.48,0.27,0.25,5.28,193.83
96,546,808,32187,318,3.57,1.31,326,3.66,1.44,508,5.71,2.47,0.51,0.53,0.28,0.26,5.09,179.69
97,375,540,21327,213,3.18,1.42,220,3.28,1.49,345,5.15,2.41,0.49,0.52,0.29,0.27,4.38,175.02
98,495,760,29690,254,3.34,1.53,247,3.25,1.66,444,5.84,3.73,0.43,0.45,0.31,0.29,4.02,185.43
99,364,509,20953,193,2.72,1.23,199,2.8,1.41,343,4.83,2.64,0.32,0.34,0.38,0.35,4.3,177.2
100,319,410,16895,167,2.74,1.15,166,2.72,1.14,300,4.92,2.42,0.3,0.32,0.39,0.36,4.04,160.8
101,105,158,7013,64,2.56,1.53,62,2.48,1.56,98,3.92,2.5,0.22,0.2,0.4,0.4,4.21,190.02
102,136,197,9339,74,3.7,1.42,88,4.4,1.98,118,5.9,2.07,0.42,0.43,0.3,0.28,5.03,204.34
103,338,456,19353,174,3.7,1.32,232,4.94,1.69,284,6.04,2.28,0.58,0.59,0.23,0.21,2.51,209.68
104,154,188,7924,73,2.92,0.81,104,4.16,1.65,126,5.04,1.97,0.53,0.54,0.26,0.26,1.1,210.45
105,356,469,18339,187,2.79,1.25,207,3.09,1.58,306,4.57,2.09,0.35,0.38,0.37,0.35,8.35,186.29
106,189,256,10289,109,2.53,0.91,109,2.53,1.08,173,4.02,1.99,0.31,0.32,0.43,0.42,4.54,169.36
107,179,264,11315,104,2.67,1.28,105,2.69,1.28,170,4.36,2.58,0.28,0.29,0.38,0.36,9.5,173.29
108,181,274,10497,83,3.07,1.44,88,3.26,1.65,160,5.93,2.38,0.37,0.4,0.36,0.34,8.23,188.56
109,442,706,28133,264,3.72,1.46,255,3.59,1.5,402,5.66,2.6,0.48,0.49,0.29,0.29,4.75,177.25
110,758,1007,41074,337,3.4,1.29,349,3.53,1.41,695,7.02,2.98,0.32,0.35,0.35,0.32,5.6,181.1
111,791,1061,40570,357,3.19,1.4,335,2.99,1.6,723,6.46,3.65,0.26,0.28,0.4,0.39,6.69,172.45
112,120,185,7898,73,2.7,1.3,73,2.7,1.32,97,3.59,1.74,0.44,0.42,0.33,0.33,4.89,173.78
113,369,615,24076,193,2.97,1.37,187,2.88,1.34,340,5.23,2.86,0.42,0.44,0.33,0.31,7.92,169.72
114,61,101,3816,26,2.36,0.67,25,2.27,1.01,55,5.0,2.32,0.35,0.37,0.41,0.4,5.59,151.87
115,341,488,19128,126,2.29,1.01,115,2.09,1.02,313,5.69,4.5,0.19,0.19,0.46,0.46,7.32,145.79
116,276,365,14134,144,2.22,1.1,146,2.25,1.17,267,4.11,2.23,0.23,0.25,0.48,0.46,7.4,161.77
117,212,270,11331,119,2.16,0.98,120,2.18,0.96,206,3.75,1.88,0.25,0.26,0.49,0.47,6.93,142.85
118,505,629,24586,222,2.52,1.02,226,2.57,1.18,481,5.47,3.44,0.27,0.29,0.44,0.42,8.21,154.25
119,719,974,37581,307,2.95,1.38,285,2.74,1.34,663,6.38,3.89,0.25,0.27,0.42,0.41,8.18,165.26
120,182,238,10642,112,2.8,1.26,99,2.48,1.09,177,4.42,2.18,0.24,0.23,0.46,0.45,6.86,148.07
121,227,321,12261,113,2.13,1.07,108,2.04,1.09,221,4.17,2.49,0.19,0.21,0.54,0.52,9.74,149.93
122,386,510,22110,166,2.37,1.12,146,2.09,1.05,368,5.26,2.49,0.16,0.18,0.45,0.43,8.28,160.46
123,520,660,25473,215,2.31,1.11,216,2.32,1.18,486,5.23,2.52,0.19,0.21,0.42,0.4,6.84,162.35
124,255,395,14877,112,2.38,1.39,110,2.34,1.45,242,5.15,3.32,0.19,0.21,0.44,0.43,10.0,158.18
125,917,1165,46153,371,3.09,1.5,337,2.81,1.31,783,6.52,3.67,0.27,0.29,0.41,0.4,9.06,169.4
126,311,396,18755,146,3.04,1.27,141,2.94,1.26,243,5.06,1.97,0.4,0.4,0.34,0.32,6.4,184.15
127,543,659,25425,239,3.06,1.12,218,2.79,0.99,447,5.73,2.87,0.36,0.38,0.35,0.33,4.79,187.33
128,851,1169,45125,293,2.93,1.1,273,2.73,1.05,731,7.31,4.41,0.26,0.28,0.39,0.37,7.37,178.07
129,602,779,31571,250,2.34,1.12,236,2.21,1.09,578,5.4,3.05,0.2,0.21,0.45,0.45,7.73,154.17
130,132,195,7505,83,2.44,0.96,84,2.47,0.99,128,3.76,1.63,0.31,0.33,0.39,0.37,8.56,176.3
131,177,227,8932,97,2.2,1.19,94,2.14,1.17,167,3.8,2.12,0.21,0.22,0.49,0.48,6.87,151.22
132,91,111,4735,51,1.96,1.08,53,2.04,1.22,86,3.31,1.54,0.18,0.17,0.5,0.48,6.75,138.18
133,319,452,17670,160,2.19,1.11,154,2.11,1.06,309,4.23,3.35,0.2,0.22,0.43,0.42,5.8,168.17
134,229,324,12499,128,2.33,1.29,123,2.24,1.22,224,4.07,1.79,0.22,0.24,0.45,0.43,8.13,165.96
135,249,365,13955,123,2.24,1.15,114,2.07,1.09,239,4.35,3.12,0.15,0.17,0.47,0.45,7.92,157.6
136,454,643,25418,179,2.42,1.1,170,2.3,1.18,430,5.81,3.05,0.2,0.21,0.42,0.41,7.66,173.41
137,783,1058,42443,294,2.72,1.52,289,2.68,1.7,736,6.81,4.4,0.19,0.21,0.42,0.41,9.35,164.53
138,160,232,9250,97,2.31,0.84,97,2.31,0.87,158,3.76,1.76,0.25,0.28,0.41,0.39,7.34,151.45
139,277,429,16468,127,2.27,1.17,120,2.14,1.15,258,4.61,2.51,0.18,0.2,0.43,0.42,11.31,168.94
140,18,23,874,18,2.57,1.27,18,2.57,1.27,18,2.57,1.27,0.41,0.45,0.35,0.33,0.0,122.64
141,456,596,22730,191,2.48,1.11,181,2.35,1.11,429,5.57,3.39,0.19,0.21,0.44,0.42,7.42,160.78
142,183,257,10215,76,2.53,1.17,73,2.43,1.17,177,5.9,2.76,0.19,0.19,0.42,0.41,5.8,176.93
143,427,532,23028,224,2.55,1.28,213,2.42,1.24,412,4.68,2.65,0.23,0.25,0.47,0.44,5.92,158.25
144,448,613,22968,194,2.26,1.28,181,2.1,1.22,427,4.97,3.3,0.18,0.2,0.46,0.44,8.65,156.58
145,91,137,5200,50,2.27,0.88,47,2.14,0.94,87,3.95,2.08,0.24,0.26,0.49,0.48,5.15,160.03
146,721,905,34471,302,2.75,1.43,286,2.6,1.34,686,6.24,3.86,0.21,0.23,0.42,0.4,8.28,167.86
147,281,366,14167,158,2.72,1.27,154,2.66,1.28,277,4.78,2.23,0.29,0.31,0.4,0.39,5.43,166.52
148,126,163,6100,58,2.32,1.07,57,2.28,1.1,118,4.72,2.69,0.28,0.31,0.43,0.42,10.44,161.32
149,380,527,21076,193,2.41,1.3,178,2.22,1.23,370,4.62,3.3,0.18,0.2,0.5,0.49,9.0,155.19
150,898,1288,48283,337,2.91,1.47,277,2.39,1.27,852,7.34,4.46,0.15,0.16,0.44,0.43,8.2,170.52
151,294,417,16673,165,2.66,1.29,153,2.47,1.21,276,4.45,2.62,0.25,0.26,0.44,0.42,9.45,168.41
152,549,705,27688,254,2.65,1.23,242,2.52,1.24,525,5.47,2.91,0.21,0.23,0.43,0.41,7.75,161.72
153,669,932,35186,257,2.71,1.17,244,2.57,1.23,622,6.55,4.01,0.22,0.24,0.4,0.39,6.8,173.01
154,297,409,16783,111,2.31,1.07,105,2.19,0.96,276,5.75,4.41,0.19,0.2,0.47,0.45,5.55,159.46
155,406,592,22697,128,1.94,1.04,123,1.86,0.93,383,5.8,3.62,0.12,0.13,0.47,0.46,10.41,163.48
156,242,379,15121,84,2.33,1.2,85,2.36,1.17,230,6.39,3.55,0.15,0.17,0.44,0.42,8.15,170.97
157,785,1019,42641,280,2.35,1.15,262,2.2,1.16,746,6.27,3.75,0.16,0.17,0.47,0.46,6.5,153.93
158,499,641,24874,210,2.5,1.28,190,2.26,1.05,476,5.67,3.8,0.18,0.19,0.48,0.47,7.91,156.74
159,739,920,37161,277,2.59,1.13,270,2.52,1.14,684,6.39,3.16,0.22,0.23,0.4,0.38,6.04,166.22
160,941,1283,50213,327,2.75,1.32,295,2.48,1.21,894,7.51,4.56,0.17,0.19,0.44,0.42,7.14,165.25
161,568,807,31771,258,2.61,1.24,237,2.39,1.2,543,5.48,3.45,0.19,0.21,0.43,0.42,9.33,159.11
162,627,758,29898,240,2.35,1.16,244,2.39,1.18,595,5.83,2.84,0.17,0.19,0.43,0.41,6.46,158.56
163,565,831,34563,234,2.57,1.02,201,2.21,0.98,539,5.92,4.62,0.15,0.17,0.44,0.41,8.92,158.54
164,392,533,21454,153,2.59,1.37,140,2.37,1.38,361,6.12,4.33,0.18,0.21,0.51,0.49,8.75,148.37
165,617,787,30997,241,2.51,1.31,244,2.54,1.4,553,5.76,3.32,0.23,0.25,0.41,0.38,7.47,174.27
166,623,731,30569,301,3.27,1.24,322,3.5,1.35,496,5.39,2.63,0.44,0.47,0.31,0.29,3.88,188.17
167,356,409,17316,173,3.09,1.15,188,3.36,1.24,279,4.98,2.4,0.45,0.49,0.35,0.31,3.2,183.6
168,411,523,21693,180,2.43,1.11,192,2.59,1.23,358,4.84,2.23,0.29,0.31,0.43,0.41,6.93,169.35
169,200,287,13090,93,2.16,0.95,99,2.3,1.15,183,4.26,2.57,0.24,0.24,0.5,0.49,7.21,158.72
170,385,600,22996,130,2.28,1.01,126,2.21,0.94,366,6.42,3.92,0.15,0.17,0.46,0.44,10.49,168.11
171,903,1182,45944,295,2.52,1.39,290,2.48,1.47,852,7.28,4.05,0.16,0.18,0.45,0.43,7.18,158.38
172,716,931,36600,276,2.6,1.15,289,2.73,1.49,634,5.98,3.0,0.24,0.26,0.43,0.41,9.01,168.03
173,135,163,6719,59,2.95,1.05,86,4.3,1.08,98,4.9,1.68,0.6,0.64,0.26,0.24,3.9,200.64
174,1049,1351,53741,336,2.76,1.07,361,2.96,1.32,891,7.31,3.53,0.25,0.27,0.37,0.35,5.93,179.71
175,728,920,36295,273,2.58,1.22,278,2.62,1.31,696,6.57,3.55,0.21,0.23,0.43,0.41,8.36,158.31
176,809,1153,45029,314,2.64,1.27,259,2.18,1.21,771,6.48,3.48,0.14,0.15,0.45,0.44,9.44,168.83
177,571,719,28361,248,2.51,1.16,246,2.48,1.22,551,5.57,3.01,0.2,0.22,0.42,0.4,6.34,168.87
178,615,809,32309,230,2.42,1.21,226,2.38,1.17,586,6.17,3.22,0.19,0.2,0.44,0.41,6.3,163.78
179,151,208,8802,71,2.37,1.13,69,2.3,1.15,146,4.87,3.19,0.22,0.24,0.44,0.4,4.9,172.17
180,1016,1287,49809,328,2.71,1.25,282,2.33,1.14,976,8.07,4.52,0.14,0.16,0.44,0.42,5.37,164.26
181,690,856,34458,292,2.78,1.25,280,2.67,1.17,656,6.25,3.72,0.22,0.25,0.39,0.36,3.66,163.75
182,616,766,29780,257,2.62,1.28,266,2.71,1.44,572,5.84,3.06,0.25,0.29,0.39,0.37,3.11,163.05
183,437,523,20656,197,2.81,1.31,195,2.79,1.37,387,5.53,3.02,0.32,0.35,0.4,0.37,3.34,166.89
184,578,785,33392,245,3.14,1.44,309,3.96,3.21,438,5.62,3.24,0.41,0.43,0.35,0.32,2.87,173.64
185,314,368,14476,164,2.56,1.1,180,2.81,1.34,284,4.44,2.08,0.35,0.37,0.43,0.42,4.94,159.54
186,916,1213,47586,322,2.8,1.29,299,2.6,1.13,857,7.45,3.95,0.21,0.23,0.42,0.4,4.15,178.74
187,385,523,21031,138,2.76,1.33,135,2.7,1.37,363,7.26,3.94,0.21,0.22,0.41,0.39,6.64,177.12
188,585,845,33185,211,3.25,1.37,197,3.03,1.5,559,8.6,4.29,0.18,0.2,0.43,0.41,6.06,176.77
189,372,518,19577,162,2.45,1.31,153,2.32,1.18,355,5.38,2.92,0.16,0.19,0.44,0.43,5.83,170.29
190,442,607,23636,202,2.62,1.31,184,2.39,1.28,425,5.52,2.8,0.18,0.2,0.41,0.39,5.73,174.11
191,1094,1474,57637,421,3.21,1.4,353,2.69,1.25,1028,7.85,4.32,0.18,0.2,0.4,0.39,5.72,175.6
192,734,949,39445,284,2.54,1.29,281,2.51,1.27,695,6.21,3.23,0.18,0.19,0.41,0.39,7.16,161.27
193,655,919,35585,264,2.78,1.21,247,2.6,1.14,619,6.52,3.33,0.18,0.2,0.45,0.42,7.95,171.97
194,219,341,13733,94,2.76,1.3,93,2.74,1.26,200,5.88,3.91,0.3,0.32,0.36,0.34,9.73,179.51
195,230,307,12446,121,2.75,1.6,120,2.73,1.48,216,4.91,2.92,0.23,0.25,0.43,0.41,7.4,158.25
196,514,736,29557,226,2.51,1.22,215,2.39,1.21,490,5.44,3.21,0.2,0.22,0.44,0.41,10.68,165.19
197,644,835,33857,274,2.49,1.13,280,2.55,1.22,614,5.58,3.15,0.21,0.24,0.39,0.36,5.5,169.67
198,270,338,13750,140,2.92,1.54,143,2.98,1.66,256,5.33,3.25,0.29,0.31,0.42,0.4,4.86,160.76
199,866,1120,44501,316,2.57,1.43,314,2.55,1.46,822,6.68,3.91,0.16,0.18,0.43,0.42,8.09,161.18
200,826,1094,42572,327,3.21,1.27,348,3.41,1.66,775,7.6,3.77,0.26,0.28,0.37,0.35,6.76,183.13
201,116,156,7570,76,3.04,1.21,88,3.52,1.29,105,4.2,1.78,0.52,0.48,0.33,0.33,9.4,153.66
202,318,415,19250,193,3.11,1.34,196,3.16,1.4,306,4.94,2.36,0.36,0.35,0.31,0.31,5.27,152.47
203,596,826,34476,253,2.69,1.34,245,2.61,1.27,570,6.06,3.7,0.2,0.22,0.43,0.41,6.56,154.47
204,128,174,7272,80,2.5,1.32,85,2.66,1.49,118,3.69,1.71,0.28,0.3,0.42,0.39,8.6,148.71
205,442,595,24354,206,2.99,1.41,207,3.0,1.53,416,6.03,3.15,0.26,0.28,0.37,0.35,8.82,170.8
206,251,321,13085,149,2.57,1.09,139,2.4,1.06,242,4.17,1.84,0.25,0.26,0.49,0.48,8.79,140.54
207,56,65,2540,34,2.83,1.03,35,2.92,1.24,53,4.42,2.07,0.38,0.38,0.45,0.43,8.67,134.78
208,140,180,7168,77,2.75,1.43,77,2.75,1.51,131,4.68,2.25,0.32,0.34,0.42,0.42,5.45,156.28
209,62,75,3848,38,2.38,1.15,40,2.5,1.15,54,3.38,1.59,0.34,0.31,0.36,0.34,6.86,140.97
210,266,358,15377,133,2.77,1.19,127,2.65,1.12,250,5.21,2.71,0.24,0.26,0.43,0.42,7.98,135.31
211,549,749,30946,236,2.95,1.42,232,2.9,1.36,530,6.62,3.54,0.24,0.25,0.4,0.37,7.45,164.39
212,641,1004,42397,313,3.07,1.85,295,2.89,1.39,616,6.04,2.8,0.24,0.26,0.41,0.38,6.17,154.66
213,440,584,24549,193,2.61,1.07,197,2.66,1.14,418,5.65,3.05,0.26,0.27,0.41,0.39,5.61,153.44
214,363,500,21397,149,2.76,1.43,153,2.83,1.46,343,6.35,3.18,0.25,0.26,0.43,0.42,7.99,149.18
215,590,780,31950,274,3.08,1.3,265,2.98,1.36,560,6.29,2.94,0.27,0.29,0.39,0.38,7.49,161.38
216,397,581,22308,145,3.02,1.42,145,3.02,1.55,377,7.85,4.15,0.23,0.25,0.38,0.37,7.6,165.94
217,334,460,17876,165,3.44,1.41,159,3.31,1.32,319,6.65,3.28,0.32,0.35,0.37,0.35,5.43,168.0
218,636,871,33915,270,3.0,1.34,238,2.64,1.17,612,6.8,3.69,0.18,0.2,0.41,0.39,8.19,164.55
219,276,358,13994,135,2.45,1.18,137,2.49,1.26,264,4.8,2.23,0.27,0.3,0.43,0.4,6.29,160.91
220,684,963,38153,275,2.78,1.37,241,2.43,1.34,650,6.57,3.69,0.17,0.17,0.46,0.44,7.17,161.24
221,70,97,3944,47,2.47,1.43,47,2.47,1.58,68,3.58,2.34,0.25,0.27,0.48,0.48,3.55,138.74
222,309,486,20046,148,2.85,1.38,149,2.87,1.55,283,5.44,2.34,0.22,0.24,0.38,0.36,5.25,149.57
223,691,951,37949,267,2.72,1.38,280,2.86,1.49,649,6.62,3.34,0.2,0.23,0.42,0.39,8.44,159.24
224,820,1128,44788,279,2.91,1.39,269,2.8,1.36,771,8.03,4.97,0.16,0.18,0.44,0.43,7.32,158.9
225,102,142,6205,45,2.05,1.09,46,2.09,1.11,92,4.18,3.55,0.19,0.17,0.45,0.48,7.78,149.15
226,16,23,1645,14,2.0,1.0,14,2.0,1.0,14,2.0,1.0,0.36,0.38,0.52,0.49,0.15,95.14
227,127,174,6532,49,2.13,1.01,53,2.3,1.11,117,5.09,2.11,0.22,0.25,0.32,0.31,14.16,162.23
228,131,165,6425,70,2.59,1.12,68,2.52,1.12,109,4.04,2.24,0.37,0.39,0.32,0.3,5.16,187.34
229,119,141,5483,58,3.22,1.0,53,2.94,0.94,94,5.22,2.96,0.45,0.47,0.36,0.34,5.46,180.93
230,367,467,18745,190,2.64,1.26,175,2.43,1.31,330,4.58,2.61,0.27,0.29,0.38,0.37,4.99,181.78
231,305,418,15988,142,2.37,1.06,123,2.05,0.98,294,4.9,2.03,0.19,0.21,0.38,0.37,6.79,175.32
232,94,109,4567,57,2.28,1.34,59,2.36,1.35,88,3.52,1.58,0.29,0.3,0.38,0.38,2.85,147.92
233,250,343,13271,115,2.3,1.02,106,2.12,1.04,237,4.74,2.2,0.15,0.18,0.42,0.4,6.68,170.0
234,101,143,5382,47,2.04,1.19,44,1.91,0.9,97,4.22,2.39,0.15,0.17,0.43,0.41,11.43,177.78
235,276,383,15242,123,2.16,0.96,110,1.93,0.9,266,4.67,2.47,0.16,0.18,0.45,0.44,11.08,161.65
236,52,63,2508,29,2.42,1.51,31,2.58,1.68,48,4.0,2.3,0.27,0.3,0.37,0.35,3.19,194.46
237,98,147,5771,45,2.37,0.9,48,2.53,0.96,90,4.74,2.38,0.26,0.28,0.38,0.37,11.82,157.5
238,342,529,20928,157,2.38,1.13,132,2.0,1.04,335,5.08,2.8,0.15,0.17,0.49,0.46,13.42,164.13
239,128,194,8206,69,2.65,1.16,64,2.46,1.14,125,4.81,2.12,0.21,0.21,0.38,0.36,6.33,183.7
240,341,481,18401,140,2.8,1.31,139,2.78,1.3,307,6.14,4.03,0.3,0.33,0.34,0.33,7.23,185.36
241,38,41,1770,24,3.0,1.31,26,3.25,1.67,33,4.12,2.1,0.5,0.52,0.35,0.32,1.09,162.37
242,179,216,8900,95,2.44,1.07,100,2.56,1.37,170,4.36,2.13,0.28,0.3,0.41,0.4,5.2,158.09
243,250,303,12627,137,2.45,1.22,138,2.46,1.26,240,4.29,2.1,0.27,0.29,0.39,0.36,4.01,166.91
244,303,401,16042,156,2.6,1.08,154,2.57,1.13,296,4.93,2.34,0.23,0.26,0.38,0.37,4.19,176.93
245,356,506,24850,185,2.4,1.29,184,2.39,1.44,347,4.51,2.77,0.23,0.24,0.43,0.42,4.48,156.43
246,185,335,20012,105,2.56,1.3,101,2.46,1.31,183,4.46,2.44,0.18,0.18,0.44,0.43,4.44,136.21
247,40,45,1903,26,2.6,0.7,28,2.8,0.63,39,3.9,1.52,0.43,0.46,0.37,0.33,4.22,131.1
248,134,160,6753,84,2.1,1.1,94,2.35,1.23,130,3.25,1.41,0.34,0.35,0.44,0.43,5.68,157.57
249,90,99,4567,61,2.54,1.02,62,2.58,1.02,88,3.67,1.88,0.34,0.33,0.5,0.49,2.34,136.75
250,54,66,2925,32,2.46,1.27,39,3.0,1.58,50,3.85,1.95,0.48,0.48,0.43,0.43,1.55,139.45
251,79,85,3915,58,2.76,1.64,60,2.86,1.68,75,3.57,1.54,0.38,0.37,0.41,0.42,1.01,148.72
252,63,82,3365,48,2.53,1.39,47,2.47,1.47,61,3.21,1.55,0.29,0.31,0.52,0.51,9.03,132.17
254,76,110,5000,55,2.39,1.12,54,2.35,1.15,74,3.22,2.09,0.26,0.28,0.45,0.43,9.21,168.72
255,135,177,7058,81,2.89,1.29,87,3.11,1.59,126,4.5,2.01,0.35,0.38,0.42,0.4,11.09,164.34
256,221,432,30435,87,2.56,1.31,95,2.79,1.34,216,6.35,3.88,0.21,0.21,0.39,0.39,5.46,133.82
257,83,98,4317,53,2.52,1.36,57,2.71,1.79,80,3.81,1.83,0.31,0.32,0.43,0.39,8.45,147.56
258,92,114,4601,53,2.21,0.93,62,2.58,0.93,84,3.5,1.44,0.36,0.4,0.42,0.4,5.4,156.42
259,88,114,4491,56,2.24,0.78,63,2.52,0.96,82,3.28,1.62,0.34,0.37,0.43,0.42,14.18,147.03
260,168,204,10740,104,2.6,1.3,111,2.78,1.14,165,4.12,1.8,0.34,0.31,0.37,0.37,5.33,132.7
261,195,262,12104,131,2.67,1.2,137,2.8,1.46,187,3.82,1.79,0.29,0.29,0.44,0.45,10.58,154.31
262,57,67,3051,43,2.87,1.3,45,3.0,1.51,57,3.8,1.93,0.44,0.45,0.38,0.37,4.01,148.24
263,111,135,5751,62,2.82,1.05,69,3.14,1.58,88,4.0,2.09,0.41,0.43,0.33,0.32,7.81,186.17
264,90,105,4337,53,2.52,1.25,62,2.95,1.43,79,3.76,1.58,0.44,0.46,0.46,0.45,8.35,146.53
265,158,205,10245,100,2.78,1.12,110,3.06,1.47,149,4.14,1.97,0.36,0.35,0.4,0.38,8.67,158.43
266,160,232,9143,103,2.64,1.29,86,2.21,1.15,158,4.05,1.76,0.21,0.23,0.38,0.38,16.84,157.67
267,91,109,5375,65,2.71,1.16,72,3.0,1.44,88,3.67,1.76,0.39,0.37,0.43,0.44,3.73,137.57
268,112,155,6563,79,2.63,1.07,83,2.77,1.25,112,3.73,1.95,0.35,0.36,0.47,0.45,7.86,142.81
269,94,111,4886,56,2.55,1.18,66,3.0,1.51,93,4.23,2.02,0.33,0.34,0.37,0.35,5.93,172.33
270,57,77,3728,45,3.0,1.07,46,3.07,1.03,54,3.6,1.45,0.35,0.37,0.36,0.32,12.89,152.23
271,41,56,2783,28,2.55,1.29,28,2.55,1.37,36,3.27,1.74,0.3,0.3,0.48,0.48,14.34,154.66
272,154,202,8768,94,3.03,1.11,95,3.06,1.21,125,4.03,1.7,0.43,0.44,0.32,0.29,5.7,189.82
273,12,20,875,10,1.67,1.37,12,2.0,1.26,11,1.83,1.17,0.49,0.48,0.51,0.52,0.7,151.97
274,83,109,5204,53,2.94,1.73,56,3.11,1.75,78,4.33,2.4,0.41,0.42,0.43,0.43,12.7,138.14
275,77,92,3920,53,2.79,1.08,65,3.42,1.26,73,3.84,1.64,0.58,0.59,0.37,0.36,4.13,162.59
276,179,210,10381,103,2.86,1.48,112,3.11,1.49,172,4.78,2.37,0.35,0.34,0.38,0.35,7.6,159.73
277,170,207,8491,110,2.82,1.23,119,3.05,1.3,163,4.18,1.79,0.43,0.45,0.37,0.37,5.67,165.71
278,118,136,5572,64,3.05,1.16,72,3.43,1.25,112,5.33,2.58,0.4,0.41,0.36,0.35,5.98,160.94
279,27,31,1441,24,4.0,2.0,26,4.33,2.34,26,4.33,2.42,0.63,0.64,0.34,0.34,2.03,127.86
